

nbDEMANDES = 20

nbPRODUITS = 10

nbMAGASINS = 10

nbNOEUDS = 30

S[m,p] = [
4 0 0 2 0 1 0 0 8 0 ; 
6 8 2 5 9 0 7 6 4 4 ; 
6 9 0 1 3 4 9 8 0 3 ; 
8 0 1 1 9 0 2 8 0 1 ; 
1 0 0 2 1 0 1 9 6 3 ; 
0 3 2 1 2 0 3 6 3 0 ; 
6 7 0 13 1 5 6 0 2 0 ; 
0 9 3 1 0 7 0 0 1 0 ; 
1 7 9 9 1 0 0 0 0 7 ; 
0 9 3 1 3 0 0 0 1 4 
]

R[i,j] = [
0 573 493 721 421 581 709 181 921 504 92 499 434 201 678 429 384 382 845 542 691 148 602 307 473 354 786 586 606 223 ; 
573 0 385 617 487 228 136 660 878 646 481 198 527 607 175 336 283 549 348 134 147 664 132 654 311 429 438 589 486 372 ; 
493 385 0 922 135 576 457 659 1177 840 425 186 169 644 561 577 160 712 731 255 389 491 508 736 584 605 810 844 782 435 ; 
721 617 922 0 960 390 684 636 261 286 677 767 996 566 509 349 765 354 517 730 745 870 496 502 338 373 299 148 140 554 ; 
421 487 135 960 0 649 576 600 1206 838 374 296 40 599 658 611 212 706 835 368 515 386 597 700 627 614 887 864 822 428 ; 
581 228 576 390 649 0 300 603 650 468 499 400 688 535 144 188 437 405 270 351 355 708 106 546 141 302 238 382 266 358 ; 
709 136 457 684 576 300 0 796 940 756 616 281 616 742 179 450 391 670 297 209 80 795 195 784 416 552 453 682 566 509 ; 
181 660 659 636 600 603 796 0 799 377 234 633 614 73 725 421 531 282 873 662 795 295 653 151 470 314 768 489 546 288 ; 
921 878 1177 261 1206 650 940 799 0 422 893 1026 1239 738 762 599 1018 538 741 991 1004 1067 755 649 595 597 518 344 398 785 ; 
504 646 840 286 838 468 756 377 422 0 490 729 866 316 613 310 682 132 696 719 793 648 565 229 339 237 516 143 258 410 ; 
92 481 425 677 374 499 616 234 893 490 0 412 394 225 589 361 302 360 759 451 599 210 513 326 401 304 713 551 553 142 ; 
499 198 186 767 296 400 281 633 1026 729 412 0 336 598 374 437 124 610 545 72 226 550 324 672 432 493 628 707 628 359 ; 
434 527 169 996 40 688 616 614 1239 866 394 336 0 618 699 646 253 734 875 408 553 384 638 721 664 645 927 897 857 458 ; 
201 607 644 566 599 535 742 73 738 316 225 598 618 0 662 351 505 211 805 620 746 337 591 106 400 242 696 421 473 242 ; 
678 175 561 509 658 144 179 725 762 613 589 374 699 662 0 326 449 547 180 308 251 790 75 682 283 439 277 521 399 457 ; 
429 336 577 349 611 188 450 421 599 310 361 437 646 351 326 0 418 222 455 416 483 570 266 357 48 114 357 270 211 222 ; 
384 283 160 765 212 437 391 531 1018 682 302 124 253 505 449 418 0 555 628 186 345 427 385 590 427 446 675 684 625 281 ; 
382 549 712 354 706 405 670 282 538 132 360 610 734 211 547 222 555 0 659 608 697 529 488 160 264 121 513 209 270 279 ; 
845 348 731 517 835 270 297 873 741 696 759 545 875 805 180 455 628 659 0 476 378 964 251 809 406 568 223 577 447 622 ; 
542 134 255 730 368 351 209 662 991 719 451 72 408 620 308 416 186 608 476 0 159 606 265 686 404 487 571 684 594 378 ; 
691 147 389 745 515 355 80 795 1004 793 599 226 553 746 251 483 345 697 378 159 0 764 249 799 456 576 528 730 621 506 ; 
148 664 491 870 386 708 795 295 1067 648 210 550 384 337 790 570 427 529 964 606 764 0 715 440 611 501 923 735 753 352 ; 
602 132 508 496 597 106 195 653 755 565 513 324 638 591 75 266 385 488 251 265 249 715 0 617 227 376 306 487 373 382 ; 
307 654 736 502 700 546 784 151 649 229 326 672 721 106 682 357 590 160 809 686 799 440 617 0 404 243 673 353 430 313 ; 
473 311 584 338 627 141 416 470 595 339 401 432 664 400 283 48 427 264 406 404 456 611 227 404 0 162 313 280 198 259 ; 
354 429 605 373 614 302 552 314 597 237 304 493 645 242 439 114 446 121 568 487 576 501 376 243 162 0 454 253 252 188 ; 
786 438 810 299 887 238 453 768 518 516 713 628 927 696 277 357 675 513 223 571 528 923 306 673 313 454 0 383 258 571 ; 
586 589 844 148 864 382 682 489 344 143 551 707 897 421 521 270 684 209 577 684 730 735 487 353 280 253 383 0 130 441 ; 
606 486 782 140 822 266 566 546 398 258 553 628 857 473 399 211 625 270 447 594 621 753 373 430 198 252 258 130 0 423 ; 
223 372 435 554 428 358 509 288 785 410 142 359 458 242 457 222 281 279 622 378 506 352 382 313 259 188 571 441 423 0 
]

Q[d,p] = [
0 3 3 4 3 0 0 1 0 0 ; 
0 0 0 0 0 3 0 0 0 0 ; 
0 0 0 0 0 0 0 0 3 1 ; 
0 1 0 1 2 0 2 2 0 0 ; 
2 0 0 0 1 4 0 0 4 0 ; 
4 3 1 0 0 0 4 1 2 0 ; 
2 0 0 1 4 0 0 0 0 2 ; 
0 4 0 4 2 0 0 0 0 0 ; 
3 3 0 2 0 0 0 2 0 2 ; 
0 0 2 3 1 0 0 3 4 1 ; 
0 3 1 1 4 4 1 0 0 4 ; 
0 0 0 3 0 0 0 0 0 0 ; 
0 0 2 2 4 0 1 2 4 0 ; 
4 0 0 0 0 0 0 0 0 4 ; 
4 3 0 3 2 0 4 0 0 3 ; 
4 4 2 4 2 0 0 0 4 0 ; 
0 1 1 2 0 3 4 0 2 0 ; 
0 0 0 0 0 0 1 0 0 0 ; 
2 0 4 4 2 1 0 0 0 0 ; 
0 0 2 0 0 0 4 0 0 0 
]
