

nbDEMANDES = 10

nbPRODUITS = 10

nbMAGASINS = 10

nbNOEUDS = 20

S[m,p] = [
0 0 2 4 0 3 0 0 0 0 ; 
0 0 1 1 0 4 0 2 0 2 ; 
4 2 0 0 0 1 0 0 3 2 ; 
2 0 4 1 0 0 3 3 3 1 ; 
0 0 0 1 3 0 0 3 2 0 ; 
0 0 3 3 4 0 0 0 1 2 ; 
0 1 0 0 3 0 3 4 2 3 ; 
0 0 0 0 3 0 0 3 3 0 ; 
2 3 3 0 0 0 2 0 0 0 ; 
2 1 0 1 1 0 3 0 1 2 
]

R[i,j] = [
0 687 723 331 561 223 478 207 429 473 329 639 472 691 218 731 481 120 775 706 ; 
687 0 372 854 919 566 1151 705 1097 290 902 847 942 7 477 737 267 695 694 491 ; 
723 372 0 732 692 717 1099 837 1041 557 797 567 766 378 518 401 533 789 338 135 ; 
331 854 732 0 254 545 383 534 327 729 69 387 141 860 413 557 727 448 631 656 ; 
561 919 692 254 0 753 581 769 533 870 305 175 145 926 569 390 862 682 479 581 ; 
223 566 717 545 753 0 680 138 637 299 551 798 683 569 229 840 315 152 861 742 ; 
478 1151 1099 383 581 680 0 589 57 952 314 747 436 1156 674 936 960 531 1013 1034 ; 
207 705 837 534 769 138 589 0 552 434 523 842 676 707 325 915 451 87 948 849 ; 
429 1097 1041 327 533 637 57 552 0 903 258 696 388 1102 620 882 910 490 958 977 ; 
473 290 557 729 870 299 952 434 903 0 758 854 847 291 315 817 25 445 806 633 ; 
329 902 797 69 305 551 314 523 258 758 0 450 171 908 446 626 759 438 700 724 ; 
639 847 567 387 175 798 747 842 696 854 450 0 313 854 585 219 841 758 310 442 ; 
472 942 766 141 145 683 436 676 388 847 171 313 0 948 533 516 843 589 601 670 ; 
691 7 378 860 926 569 1156 707 1102 291 908 854 948 0 482 744 267 698 701 498 ; 
218 477 518 413 569 229 674 325 620 315 446 585 533 482 0 611 313 271 632 523 ; 
731 737 401 557 390 840 936 915 882 817 626 219 516 744 611 0 799 840 92 266 ; 
481 267 533 727 862 315 960 451 910 25 759 841 843 267 313 799 0 458 786 610 ; 
120 695 789 448 682 152 531 87 490 445 438 758 589 698 271 840 458 0 877 790 ; 
775 694 338 631 479 861 1013 948 958 806 700 310 601 701 632 92 786 877 0 205 ; 
706 491 135 656 581 742 1034 849 977 633 724 442 670 498 523 266 610 790 205 0 
]

Q[d,p] = [
0 0 0 0 0 0 4 3 1 0 ; 
2 0 0 3 3 1 0 1 3 0 ; 
1 0 2 3 1 0 1 0 1 0 ; 
0 2 2 2 0 0 0 0 0 0 ; 
0 0 2 0 0 2 1 1 1 4 ; 
0 0 3 0 0 2 0 2 0 2 ; 
2 0 0 0 4 0 0 0 4 0 ; 
0 3 0 0 4 0 0 0 1 0 ; 
1 0 0 0 0 0 0 2 2 4 ; 
2 0 1 1 0 0 1 0 0 0 
]
