

nbDEMANDES = 100

nbPRODUITS = 10

nbMAGASINS = 10

nbNOEUDS = 110

S[m,p] = [
24 7 0 41 33 4 4 49 0 18 ; 
35 42 6 25 3 44 42 6 27 26 ; 
35 38 34 9 44 38 0 26 37 27 ; 
38 0 10 27 0 47 49 29 42 0 ; 
14 46 49 46 34 20 1 15 49 17 ; 
15 39 12 2 5 45 19 37 0 48 ; 
16 32 12 13 0 23 12 49 39 10 ; 
42 9 15 0 0 4 4 39 5 2 ; 
39 38 29 35 2 31 35 39 46 35 ; 
16 0 38 19 0 19 49 18 24 26 
]

R[i,j] = [
0 420 927 529 96 650 561 340 481 702 734 167 773 302 790 540 917 548 738 373 558 137 876 788 869 548 821 68 535 388 18 496 560 695 616 473 395 384 648 500 416 569 606 837 99 684 175 392 811 398 596 161 563 409 191 669 745 311 298 352 419 821 309 319 714 414 449 786 690 481 402 396 245 784 331 360 190 123 800 642 127 869 769 745 522 579 57 392 315 340 494 586 650 568 590 535 317 367 470 822 157 664 538 158 832 605 531 316 73 834 ; 
420 0 1209 517 512 789 945 279 901 989 1013 281 711 202 1014 531 1169 628 947 670 794 497 1126 1051 794 731 1119 450 948 572 403 623 369 770 965 850 594 50 861 697 786 975 792 790 483 1007 252 734 1086 815 559 526 438 829 310 691 769 731 708 751 121 1087 260 101 899 776 870 974 849 773 682 69 609 1031 740 406 236 462 797 456 480 1170 1032 616 749 379 406 69 732 695 643 591 482 965 723 786 264 748 556 1008 361 874 440 573 997 626 943 692 418 1049 ; 
927 1209 0 789 909 494 484 940 794 226 197 1075 827 1198 239 780 101 649 305 560 416 791 122 160 865 496 112 860 917 638 942 615 1013 590 356 512 615 1203 366 518 543 583 444 805 970 262 1002 539 122 713 804 765 929 768 1114 693 674 801 910 645 1276 125 951 1138 369 534 798 322 434 449 538 1229 685 192 911 815 1014 1018 721 1011 803 83 179 938 461 1025 983 1225 856 594 587 743 987 536 541 423 949 597 689 311 873 359 899 896 358 713 633 631 994 234 ; 
529 517 789 0 600 305 727 255 862 604 614 559 244 616 560 14 723 140 490 409 398 458 683 631 340 299 727 485 966 242 528 185 225 257 672 638 263 535 423 296 583 811 345 311 627 667 444 505 673 738 68 465 140 785 616 174 254 718 771 625 624 664 288 495 430 561 838 498 369 453 389 566 482 597 798 170 443 650 291 229 449 777 612 237 359 235 572 564 756 505 217 74 211 776 249 410 280 582 121 528 373 429 110 645 505 109 809 541 593 585 ; 
96 512 909 600 0 684 506 430 391 688 722 244 842 375 795 610 910 602 749 375 568 156 870 779 938 577 800 114 440 429 110 542 650 742 579 427 431 473 661 528 376 499 630 902 61 656 270 370 798 319 668 167 647 321 250 728 801 223 202 294 500 811 401 410 733 379 359 801 717 477 409 483 229 782 235 435 286 110 858 729 157 845 762 824 538 669 110 479 220 315 535 651 735 504 629 542 409 323 527 837 240 678 620 62 852 667 456 279 107 840 ; 
650 789 494 305 684 0 574 510 805 342 341 746 351 840 258 294 421 168 189 338 184 529 381 342 413 112 449 586 928 263 658 169 530 114 473 511 255 797 146 159 480 680 87 353 733 431 643 411 386 681 311 518 442 740 799 203 209 708 794 566 882 372 533 743 126 457 790 193 64 298 302 827 481 302 813 385 649 770 272 519 531 495 325 448 179 539 706 824 760 444 160 251 494 634 66 215 527 508 233 223 529 144 415 706 207 219 699 494 724 280 ; 
561 945 484 727 506 574 0 736 310 324 358 728 896 863 496 727 529 627 494 322 389 450 503 418 975 481 375 507 435 488 579 556 903 684 136 97 465 921 450 455 162 113 486 918 565 232 698 229 410 236 778 420 848 287 750 742 777 337 444 211 972 434 729 852 525 177 314 555 557 285 337 940 336 448 439 647 713 614 842 945 467 403 410 953 404 920 606 936 388 254 526 727 934 63 564 360 731 197 606 579 585 463 813 471 619 716 153 253 610 536 ; 
340 279 940 255 430 510 736 0 774 725 746 318 483 361 737 270 894 351 669 429 523 333 851 781 576 453 856 324 854 302 332 344 220 498 728 639 326 288 585 423 575 790 514 558 437 756 205 509 817 664 311 355 233 696 375 428 509 609 628 572 375 816 36 240 620 559 745 695 570 520 431 318 416 758 659 127 199 445 546 303 318 907 761 424 478 239 367 315 631 483 364 329 314 769 444 519 26 550 277 729 193 597 216 488 718 360 770 497 387 771 ; 
481 901 794 862 391 805 310 774 0 625 660 633 1076 760 788 867 838 803 774 478 630 441 810 722 1166 697 685 462 128 629 498 730 982 902 444 312 614 864 711 656 326 218 723 1116 430 541 654 394 718 126 925 420 952 79 630 932 985 170 219 243 889 741 753 800 790 349 32 835 807 511 511 874 380 748 194 730 670 467 1051 1046 456 712 712 1100 626 1000 500 870 175 370 707 887 1044 259 775 597 759 298 754 864 585 726 920 331 898 888 163 325 493 831 ; 
702 989 226 604 688 342 324 725 625 0 36 849 693 972 174 597 225 469 192 333 208 566 189 98 752 304 130 635 753 423 717 420 821 455 189 319 399 980 196 313 335 437 268 690 749 105 777 318 109 526 631 540 743 585 888 543 548 600 708 441 1052 124 734 915 243 322 623 246 298 223 312 1006 461 123 713 604 789 796 607 832 577 182 86 785 252 835 758 1002 657 373 389 571 811 386 369 206 732 387 492 263 648 198 711 680 309 547 477 414 770 212 ; 
734 1013 197 614 722 341 358 746 660 36 0 879 691 1001 147 606 189 477 176 364 224 597 153 62 745 315 112 667 788 444 749 433 834 451 222 355 420 1006 197 329 371 469 273 684 783 132 805 353 76 562 638 573 754 621 920 544 543 637 744 477 1079 88 756 941 233 357 658 226 292 254 341 1032 495 92 749 624 816 830 600 841 609 163 52 788 269 847 791 1028 694 407 403 577 820 419 373 227 754 423 506 239 676 196 722 715 286 551 511 450 803 181 ; 
167 281 1075 559 244 746 728 318 633 849 879 0 797 134 919 572 1057 617 861 515 685 289 1014 929 892 656 972 223 669 487 149 580 521 769 778 639 500 237 770 612 580 736 717 869 205 840 115 549 956 561 621 317 550 565 57 722 802 467 430 520 256 963 281 182 828 576 601 903 795 625 539 242 405 921 462 394 118 181 848 610 275 1022 910 742 645 537 133 238 460 499 586 627 626 735 681 667 291 533 535 939 218 786 534 302 942 654 696 480 141 961 ; 
773 711 827 244 842 351 896 483 1076 693 691 797 0 842 589 233 741 274 527 602 518 696 707 686 96 417 796 728 1188 448 772 348 350 240 813 819 462 740 497 441 773 994 430 79 871 780 682 695 730 950 177 700 272 1002 855 155 153 944 1006 834 829 713 519 711 463 750 1055 506 400 610 574 770 704 642 1031 414 680 894 122 283 689 840 671 133 494 347 817 769 987 708 375 193 251 952 336 542 510 783 326 522 617 495 274 885 481 188 1001 751 837 596 ; 
302 202 1198 616 375 840 863 361 760 972 1001 134 842 0 1031 630 1174 697 970 639 799 420 1132 1048 932 759 1098 356 787 589 284 671 527 848 909 773 606 152 880 717 713 870 821 918 330 969 200 679 1077 694 672 449 577 695 131 788 869 597 551 654 132 1083 327 137 932 709 728 1008 893 748 660 142 536 1037 582 465 191 296 908 618 405 1147 1029 767 757 541 265 139 585 631 682 689 639 870 774 783 336 667 616 1044 326 894 568 430 1042 719 830 613 268 1071 ; 
790 1014 239 560 795 258 496 737 788 174 147 919 589 1031 0 550 163 420 69 420 233 654 123 108 630 283 220 722 917 445 802 397 785 351 362 476 426 1014 152 317 478 609 223 569 853 279 831 440 149 681 569 634 699 741 965 454 436 744 847 584 1093 127 753 953 131 461 783 87 196 320 388 1042 567 61 857 609 840 898 485 777 663 257 101 699 274 796 848 1038 801 492 373 509 752 558 311 255 749 526 470 92 705 140 670 798 141 478 646 540 862 45 ; 
540 531 780 14 610 294 727 270 867 597 606 572 233 630 550 0 713 130 480 410 392 466 672 622 329 292 719 495 971 243 539 180 236 243 669 639 264 550 414 291 584 812 336 299 638 662 457 506 664 742 59 472 149 790 630 160 239 724 779 629 639 655 303 509 419 562 843 487 358 450 389 581 488 587 806 182 457 661 277 235 458 769 603 233 354 246 584 579 763 508 212 59 216 776 239 405 294 585 120 516 384 420 120 654 493 94 811 545 604 574 ; 
917 1169 101 723 910 421 529 894 838 225 189 1057 741 1174 163 713 0 583 233 544 377 780 43 130 774 442 162 849 964 597 931 558 949 508 394 540 576 1166 309 471 560 635 384 714 970 297 976 542 120 746 732 757 862 804 1100 613 587 825 932 666 1244 100 909 1104 294 547 839 236 358 436 517 1194 681 137 937 767 986 1017 631 940 791 164 148 856 421 959 974 1190 882 596 532 672 914 586 474 391 905 612 631 219 848 299 833 904 264 640 682 639 987 145 ; 
548 628 649 140 602 168 627 351 803 469 477 617 274 697 420 130 583 0 350 327 268 447 542 491 362 166 589 492 917 180 552 73 365 152 555 546 190 639 284 174 498 721 205 314 641 539 507 420 534 676 163 445 279 729 672 130 198 677 747 560 726 525 378 589 291 475 782 361 231 343 299 669 437 457 770 232 510 672 258 364 444 639 473 329 234 376 600 667 722 434 101 104 342 681 109 285 371 509 81 391 407 289 250 636 373 89 727 478 620 446 ; 
738 947 305 490 749 189 494 669 774 192 176 861 527 970 69 480 233 350 0 374 181 604 192 159 574 216 271 670 902 382 750 328 716 288 368 462 364 948 91 253 454 608 155 513 805 296 770 407 202 660 500 585 629 721 909 388 375 715 815 557 1029 186 687 889 64 435 766 61 129 283 340 977 524 115 827 542 779 849 428 708 611 313 145 634 217 726 796 973 771 456 305 440 683 558 241 207 683 498 401 91 645 75 600 756 125 409 640 506 811 102 ; 
373 670 560 409 375 338 322 429 478 333 364 515 602 639 420 410 544 327 374 0 194 236 503 415 689 226 459 305 596 167 386 253 581 425 299 230 146 656 287 181 174 402 267 638 432 337 446 96 440 352 465 214 526 407 556 454 507 369 458 234 724 449 428 589 362 152 459 427 356 110 36 680 151 411 475 328 458 477 572 623 246 509 396 641 168 598 430 677 422 108 229 419 612 367 299 166 428 181 290 462 318 304 491 383 481 415 402 157 444 464 ; 
558 794 416 398 568 184 389 523 630 208 224 685 518 799 233 392 377 268 181 194 0 423 334 257 590 103 336 489 755 222 569 213 613 295 294 328 200 790 93 105 303 496 97 531 624 270 600 241 293 508 431 404 536 568 731 363 389 549 644 397 867 293 535 727 169 280 617 233 177 119 159 817 345 239 659 399 609 668 453 627 430 387 237 594 45 627 615 813 604 284 182 372 608 450 181 32 532 337 284 268 472 110 504 577 288 352 516 335 630 276 ; 
137 497 791 458 156 529 450 333 441 566 597 289 696 420 654 466 780 447 604 236 423 0 739 651 791 422 686 69 524 273 151 386 543 586 489 356 275 471 514 373 294 478 477 752 204 551 247 260 674 333 525 29 523 362 323 575 646 277 313 254 523 684 313 402 583 288 411 653 563 344 266 489 116 648 342 302 263 245 705 613 17 734 632 690 389 562 194 485 305 210 378 503 614 467 472 399 318 252 375 690 147 531 493 190 702 516 450 197 208 698 ; 
876 1126 122 683 870 381 503 851 810 189 153 1014 707 1132 123 672 43 542 192 503 334 739 0 92 744 399 150 808 937 554 890 516 908 472 366 507 533 1123 267 428 524 611 342 683 930 270 933 503 92 714 693 716 822 773 1058 576 554 790 897 630 1201 68 866 1061 254 511 809 201 319 395 475 1151 641 94 903 725 943 977 600 900 749 165 108 820 378 918 933 1147 847 557 490 632 875 561 433 348 862 576 589 189 805 256 793 865 236 601 656 601 946 112 ; 
788 1051 160 631 779 342 418 781 722 98 62 929 686 1048 108 622 130 491 159 415 257 651 92 0 733 336 112 719 850 480 801 455 854 446 281 417 457 1047 207 358 432 528 286 672 839 188 851 411 44 624 649 627 771 683 971 544 534 698 805 538 1122 35 793 983 222 418 720 195 286 306 389 1073 551 47 811 656 861 886 587 855 661 154 20 790 303 866 844 1070 755 465 427 588 832 478 384 267 790 484 529 199 722 202 740 773 249 559 571 509 857 132 ; 
869 794 865 340 938 413 975 576 1166 752 745 892 96 932 630 329 774 362 574 689 590 791 744 733 0 493 845 824 1279 540 869 436 426 298 884 901 552 825 558 522 857 1075 497 61 968 844 777 780 776 1039 273 795 357 1092 949 235 203 1037 1100 922 912 757 612 800 513 834 1145 544 454 689 659 855 797 687 1126 510 774 990 145 349 785 886 719 184 570 420 913 853 1080 796 460 288 319 1032 410 616 603 871 419 555 713 553 363 981 510 279 1085 841 933 631 ; 
548 731 496 299 577 112 481 453 697 304 315 656 417 759 283 292 442 166 216 226 103 422 399 336 493 0 428 483 819 170 557 118 519 206 396 411 156 732 132 49 374 583 62 436 627 374 560 302 377 572 329 410 439 629 707 262 296 596 682 456 813 371 471 673 173 351 680 248 141 197 190 761 369 307 701 326 567 667 362 528 426 478 317 491 77 532 605 757 648 332 91 269 507 540 83 124 466 398 192 284 438 143 407 596 286 249 598 383 622 318 ; 
821 1119 112 727 800 449 375 856 685 130 112 972 796 1098 220 719 162 589 271 459 336 686 150 112 845 428 0 755 810 553 837 546 947 556 244 400 529 1110 307 441 431 477 384 784 861 150 904 431 72 601 750 660 867 657 1010 652 646 688 797 533 1181 97 864 1044 333 423 688 307 395 350 440 1135 577 160 798 734 916 909 699 954 699 51 125 897 380 960 876 1131 744 485 515 689 932 429 485 336 862 485 618 309 776 305 835 785 360 662 526 521 887 237 ; 
68 450 860 485 114 586 507 324 462 635 667 223 728 356 722 495 849 492 670 305 489 69 808 719 824 483 755 0 531 326 82 436 542 636 554 417 331 420 580 434 356 526 539 788 148 619 198 327 743 366 553 95 534 385 255 616 691 292 304 303 465 753 297 352 647 353 431 718 624 413 334 436 181 716 335 320 214 184 747 618 59 803 701 710 454 561 125 431 308 276 432 537 623 519 528 466 304 311 416 755 130 596 506 166 765 554 492 257 141 766 ; 
535 948 917 966 440 928 435 854 128 753 788 669 1188 787 917 971 964 917 902 596 755 524 937 850 1279 819 810 531 0 739 550 844 1068 1022 570 441 726 906 838 776 452 335 848 1231 464 667 710 517 845 247 1031 509 1046 189 656 1047 1103 249 239 363 919 868 829 846 918 474 138 963 933 636 630 911 484 876 207 824 726 491 1168 1138 538 835 840 1203 750 1087 541 908 223 488 823 996 1138 381 895 723 835 420 863 992 660 854 1015 377 1026 1000 284 440 529 960 ; 
388 572 638 242 429 263 488 302 629 423 444 487 448 589 445 243 597 180 382 167 222 273 554 480 540 170 553 326 739 0 395 113 422 312 447 397 25 569 292 128 341 569 232 494 474 461 389 263 515 503 300 268 360 553 538 311 377 497 566 387 647 515 313 507 343 319 606 418 308 228 151 596 257 460 590 181 397 510 438 457 273 605 460 476 177 438 443 593 542 264 106 258 445 535 202 217 310 341 125 455 268 307 326 460 455 260 567 304 461 484 ; 
18 403 942 528 110 658 579 332 498 717 749 149 772 284 802 539 931 552 750 386 569 151 890 801 869 557 837 82 550 395 0 502 552 700 633 491 403 367 659 510 433 587 616 837 104 700 160 408 825 416 595 176 557 426 174 672 748 328 312 370 401 835 300 302 724 431 466 797 699 495 415 378 261 798 344 358 175 121 802 635 140 884 783 741 533 571 48 374 330 356 501 586 644 586 597 547 309 385 473 833 155 675 534 172 842 607 549 333 67 846 ; 
496 623 615 185 542 169 556 344 730 420 433 580 348 671 397 180 558 73 328 253 213 386 516 455 436 118 546 436 844 113 502 0 401 200 490 473 119 629 249 111 425 648 173 386 585 482 474 347 495 603 225 381 323 656 634 202 264 606 678 486 713 489 365 573 276 402 709 351 226 274 226 658 367 425 701 217 480 619 326 414 385 596 435 397 174 414 550 655 653 360 32 171 396 609 103 225 360 435 73 385 364 259 290 573 375 162 653 405 569 429 ; 
560 369 1013 225 650 530 903 220 982 821 834 521 350 527 785 236 949 365 716 581 613 543 908 854 426 519 947 542 1068 422 552 401 0 470 869 809 447 404 647 508 747 972 568 430 657 876 415 674 896 866 231 561 91 903 575 371 439 820 846 764 490 888 252 390 656 728 953 723 594 649 572 433 609 821 877 258 406 664 451 91 530 998 835 247 571 18 586 432 846 659 431 284 113 944 474 620 244 733 329 752 412 654 115 707 727 319 960 683 605 810 ; 
695 770 590 257 742 114 684 498 902 455 451 769 240 848 351 243 508 152 288 425 295 586 472 446 298 206 556 636 1022 312 700 200 470 0 587 617 313 785 259 245 580 789 200 238 785 545 659 507 490 776 239 580 379 833 824 105 94 792 872 659 873 474 526 738 224 557 884 272 160 403 391 815 557 403 893 383 662 818 158 442 585 600 430 347 282 476 748 813 842 534 209 187 414 744 126 323 519 603 233 294 557 256 357 772 261 151 804 583 767 364 ; 
616 965 356 672 579 473 136 728 444 189 222 778 813 909 362 669 394 555 368 299 294 489 366 281 884 396 244 554 570 447 633 490 869 587 0 159 422 947 337 381 203 247 386 825 640 97 728 231 274 356 715 460 803 412 808 657 681 446 555 296 1008 298 727 878 405 202 445 427 446 220 299 969 373 313 555 623 742 689 745 898 504 279 274 884 321 885 667 965 501 278 458 659 883 197 476 271 728 256 551 448 605 347 769 556 491 643 289 301 675 401 ; 
473 850 512 638 427 511 97 639 312 319 355 639 819 773 476 639 540 546 462 230 328 356 507 417 901 411 400 417 441 397 491 473 809 617 159 0 375 826 403 378 64 175 425 846 487 250 603 135 419 207 692 327 756 266 664 666 707 288 397 137 880 440 631 757 481 80 306 523 504 214 249 846 241 438 399 551 618 536 773 853 373 437 405 868 335 826 521 842 344 157 445 643 842 137 493 297 634 106 518 551 489 417 721 399 586 635 187 160 527 520 ; 
395 594 615 263 431 255 465 326 614 399 420 500 462 606 426 264 576 190 364 146 200 275 533 457 552 156 529 331 726 25 403 119 447 313 422 375 0 590 273 111 320 548 216 504 478 435 406 242 492 488 319 267 384 539 551 321 383 487 560 371 668 493 336 528 328 298 592 402 296 203 127 618 247 438 582 207 415 515 446 481 276 581 437 495 154 463 451 614 533 247 104 274 468 513 197 192 333 323 144 439 283 288 349 458 442 274 547 289 469 465 ; 
384 50 1203 535 473 797 921 288 864 980 1006 237 740 152 1014 550 1166 639 948 656 790 471 1123 1047 825 732 1110 420 906 569 367 629 404 785 947 826 590 0 861 696 763 946 794 819 441 994 223 715 1080 782 582 500 468 793 263 710 790 695 666 723 89 1082 263 68 903 754 832 978 855 761 670 30 585 1029 699 411 208 417 821 493 454 1161 1027 651 745 415 366 28 693 673 646 610 517 938 730 780 269 723 564 1013 341 874 467 534 1004 644 912 667 376 1050 ; 
648 861 366 423 661 146 450 585 711 196 197 770 497 880 152 414 309 284 91 287 93 514 267 207 558 132 307 580 838 292 659 249 647 259 337 403 273 861 0 164 386 562 78 497 716 286 680 330 250 593 443 496 563 653 818 348 354 639 736 484 940 241 601 800 79 364 700 140 109 205 252 889 438 175 750 458 688 760 414 648 521 356 189 591 126 658 705 885 694 375 223 382 625 513 177 123 597 424 323 175 554 17 533 671 195 355 588 426 721 191 ; 
500 697 518 296 528 159 455 423 656 313 329 612 441 717 317 291 471 174 253 181 105 373 428 358 522 49 441 434 776 128 510 111 508 245 381 378 111 696 164 0 337 553 106 467 578 371 517 262 396 530 334 361 432 587 661 287 331 550 635 413 776 394 437 636 216 313 639 291 190 169 146 724 321 334 654 297 526 618 396 525 377 493 338 504 63 522 557 721 601 289 79 278 507 511 119 114 434 357 179 327 394 178 399 547 332 263 564 338 574 355 ; 
416 786 543 583 376 480 162 575 326 335 371 580 773 713 478 584 560 498 454 174 303 294 524 432 857 374 431 356 452 341 433 425 747 580 203 64 320 763 386 337 0 228 397 804 437 283 540 78 441 207 639 265 697 267 607 622 668 266 373 106 818 459 567 694 465 23 314 515 480 184 198 783 178 447 379 489 555 486 734 794 310 473 418 816 301 765 465 779 323 92 398 592 784 197 455 270 569 54 464 545 424 401 662 355 577 587 228 100 472 523 ; 
569 975 583 811 499 680 113 790 218 437 469 736 994 870 609 812 635 721 608 402 496 478 611 528 1075 583 477 526 335 569 587 648 972 789 247 175 548 946 562 553 228 0 593 1019 554 341 723 305 518 188 866 450 924 220 749 841 880 296 393 224 988 543 778 878 637 249 230 668 667 386 424 962 376 561 380 714 739 599 945 1021 495 500 522 1042 507 990 606 957 338 313 620 818 1012 50 666 466 782 240 692 692 622 575 890 453 733 810 56 293 606 649 ; 
606 792 444 345 630 87 486 514 723 268 273 717 430 821 223 336 384 205 155 267 97 477 342 286 497 62 384 539 848 232 616 173 568 200 386 425 216 794 78 106 397 593 0 438 682 350 621 331 328 601 365 463 485 660 767 277 294 634 725 487 875 319 532 735 111 374 709 186 88 213 230 822 416 253 741 386 629 722 358 570 482 433 267 517 99 580 663 819 687 368 149 304 547 547 101 128 527 428 246 222 499 85 454 646 226 279 613 419 680 257 ; 
837 790 805 311 902 353 918 558 1116 690 684 869 79 918 569 299 714 314 513 638 531 752 683 672 61 436 784 788 1231 494 837 386 430 238 825 846 504 819 497 467 804 1019 438 0 934 783 754 727 715 989 248 753 352 1043 927 183 143 991 1058 872 907 696 593 789 451 780 1096 483 392 633 607 849 751 626 1082 481 752 959 84 361 746 825 658 203 513 426 882 847 1036 746 409 251 329 976 353 558 584 819 377 495 683 492 352 942 450 236 1031 791 903 571 ; 
99 483 970 627 61 733 565 437 430 749 783 205 871 330 853 638 970 641 805 432 624 204 930 839 968 627 861 148 464 474 104 585 657 785 640 487 478 441 716 578 437 554 682 934 0 717 256 431 858 370 695 220 662 366 201 764 839 268 225 354 459 871 405 382 787 441 398 856 768 535 465 447 288 841 257 459 270 48 895 740 202 906 822 845 592 676 78 443 255 376 580 683 748 561 675 598 413 384 564 892 257 733 637 102 906 701 509 341 65 897 ; 
684 1007 262 667 656 431 232 756 541 105 132 840 780 969 279 662 297 539 296 337 270 551 270 188 844 374 150 619 667 461 700 482 876 545 97 250 435 994 286 371 283 341 350 783 717 0 780 292 178 452 702 523 803 509 874 627 640 538 647 384 1060 202 760 926 344 277 542 352 394 236 326 1017 438 224 648 642 794 766 701 896 565 190 183 864 308 890 737 1013 594 344 450 643 878 291 447 257 759 337 549 369 654 292 770 638 414 622 385 376 747 314 ; 
175 252 1002 444 270 643 698 205 654 777 805 115 682 200 831 457 976 507 770 446 600 247 933 851 777 560 904 198 710 389 160 474 415 659 728 603 406 223 680 517 540 723 621 754 256 780 0 496 881 564 506 277 438 580 172 608 688 483 472 500 279 886 169 154 733 532 622 808 695 554 464 242 362 838 505 280 16 252 734 503 231 955 831 629 557 433 179 238 490 452 484 513 517 714 577 584 178 500 425 844 128 694 420 333 844 540 690 444 197 871 ; 
392 734 539 505 370 411 229 509 394 318 353 549 695 679 440 506 542 420 407 96 241 260 503 411 780 302 431 327 517 263 408 347 674 507 231 135 242 715 330 262 78 305 331 727 431 292 496 0 428 270 561 232 620 329 582 545 593 308 408 156 776 441 504 647 409 56 379 465 417 125 121 737 146 418 420 417 510 479 659 718 274 477 394 737 232 691 446 733 364 54 320 514 708 272 381 209 506 97 386 498 374 347 586 362 525 509 307 99 456 486 ; 
811 1086 122 673 798 386 410 817 718 109 76 956 730 1077 149 664 120 534 202 440 293 674 92 44 776 377 72 743 845 515 825 495 896 490 274 419 492 1080 250 396 441 518 328 715 858 178 881 428 0 625 692 649 813 683 996 588 578 705 813 547 1154 27 828 1016 266 429 719 236 330 330 417 1106 571 89 817 693 892 906 631 898 685 110 61 834 339 908 867 1103 762 482 467 631 875 469 427 300 826 494 569 237 752 245 782 789 288 603 563 523 879 165 ; 
398 815 713 738 319 681 236 664 126 526 562 561 950 694 681 742 746 676 660 352 508 333 714 624 1039 572 601 366 247 503 416 603 866 776 356 207 488 782 593 530 207 188 601 989 370 452 564 270 625 0 800 309 832 60 569 805 859 108 209 117 817 646 645 715 672 228 108 721 686 390 385 795 258 645 202 611 580 414 924 927 349 635 612 975 502 884 429 791 153 243 580 761 923 207 649 476 650 173 628 751 480 609 799 268 783 762 139 198 426 725 ; 
596 559 804 68 668 311 778 311 925 631 638 621 177 672 569 59 732 163 500 465 431 525 693 649 273 329 750 553 1031 300 595 225 231 239 715 692 319 582 443 334 639 866 365 248 695 702 506 561 692 800 0 532 140 848 679 140 213 784 838 686 671 681 346 546 438 617 901 500 374 499 443 612 547 611 865 237 504 717 238 207 517 799 631 176 396 236 639 610 823 565 256 61 182 829 265 447 337 641 175 527 440 447 122 713 498 92 867 603 660 590 ; 
161 526 765 465 167 518 420 355 420 540 573 317 700 449 634 472 757 445 585 214 404 29 716 627 795 410 660 95 509 268 176 381 561 580 460 327 267 500 496 361 265 450 463 753 220 523 277 232 649 309 532 0 537 341 350 575 644 260 306 226 553 660 336 431 567 259 392 636 550 321 246 519 87 625 333 315 292 263 704 629 46 707 608 699 372 580 217 515 292 181 371 506 629 438 464 379 341 223 376 672 173 513 506 191 686 517 423 167 230 678 ; 
563 438 929 140 647 442 848 233 952 743 754 550 272 577 699 149 862 279 629 526 536 523 822 771 357 439 867 534 1046 360 557 323 91 379 803 756 384 468 563 432 697 924 485 352 662 803 438 620 813 832 140 537 0 873 607 280 349 797 834 725 556 804 269 443 568 676 925 634 506 583 512 498 573 736 864 222 432 675 364 97 511 917 752 192 496 97 596 496 828 612 354 193 91 893 388 546 260 688 254 662 407 569 34 700 636 229 916 642 616 722 ; 
409 829 768 785 321 740 287 696 79 585 621 565 1002 695 741 790 804 729 721 407 568 362 773 683 1092 629 657 385 189 553 426 656 903 833 412 266 539 793 653 587 267 220 660 1043 366 509 580 329 683 60 848 341 873 0 567 859 915 98 175 173 821 705 675 728 733 288 53 782 745 449 441 803 302 704 160 651 596 406 980 967 377 689 671 1022 561 921 431 799 122 299 635 811 965 249 706 536 680 232 678 812 507 669 841 264 844 814 165 251 426 785 ; 
191 310 1114 616 250 799 750 375 630 888 920 57 855 131 965 630 1100 672 909 556 731 323 1058 971 949 707 1010 255 656 538 174 634 575 824 808 664 551 263 818 661 607 749 767 927 201 874 172 582 996 569 679 350 607 567 0 779 859 469 420 539 263 1005 338 219 878 605 599 952 846 666 582 261 436 964 451 451 175 165 905 665 311 1058 952 799 692 591 143 258 455 531 639 684 681 752 735 711 348 558 591 989 270 834 591 302 993 711 706 507 142 1008 ; 
669 691 693 174 728 203 742 428 932 543 544 722 155 788 454 160 613 130 388 454 363 575 576 544 235 262 652 616 1047 311 672 202 371 105 657 666 321 710 348 287 622 841 277 183 764 627 608 545 588 805 140 575 280 859 779 0 80 808 877 688 799 573 460 669 324 599 912 377 259 456 424 741 568 503 901 328 609 793 130 337 571 698 528 245 339 375 718 739 853 562 225 100 308 799 181 387 452 636 200 400 521 347 262 765 367 68 850 607 738 468 ; 
745 769 674 254 801 209 777 509 985 548 543 802 153 869 436 239 587 198 375 507 389 646 554 534 203 296 646 691 1103 377 748 264 439 94 681 707 383 790 354 331 668 880 294 143 839 640 688 593 578 859 213 644 349 915 859 80 0 869 943 742 879 560 541 749 312 645 967 352 251 493 474 820 630 490 966 408 690 869 65 394 643 688 520 275 373 441 795 818 916 616 281 180 364 836 213 416 533 687 275 369 599 349 335 835 329 149 894 663 815 442 ; 
311 731 801 718 223 708 337 609 170 600 637 467 944 597 744 724 825 677 715 369 549 277 790 698 1037 596 688 292 249 497 328 606 820 792 446 288 487 695 639 550 266 296 634 991 268 538 483 308 705 108 784 260 797 98 469 808 869 0 109 160 723 724 586 630 718 283 139 774 722 434 406 705 240 714 113 575 499 310 933 889 291 725 684 955 534 839 333 701 57 265 587 751 889 314 667 517 592 218 618 806 417 655 766 166 834 757 246 214 328 789 ; 
298 708 910 771 202 794 444 628 219 708 744 430 1006 551 847 779 932 747 815 458 644 313 897 805 1100 682 797 304 239 566 312 678 846 872 555 397 560 666 736 635 373 393 725 1058 225 647 472 408 813 209 838 306 834 175 420 877 943 109 0 266 682 832 600 607 814 388 189 873 814 532 494 672 314 820 32 615 488 255 1005 922 323 834 791 1003 626 865 301 669 56 360 664 812 925 417 749 613 608 322 681 906 434 753 806 141 932 822 339 309 290 892 ; 
352 751 645 625 294 566 211 572 243 441 477 520 834 654 584 629 666 560 557 234 397 254 630 538 922 456 533 303 363 387 370 486 764 659 296 137 371 723 484 413 106 224 487 872 354 384 500 156 547 117 686 226 725 173 539 688 742 160 266 0 768 565 557 654 564 123 225 617 573 279 267 739 156 554 273 507 515 403 807 821 271 573 524 862 388 783 395 735 217 126 463 646 815 216 533 364 561 59 513 648 399 501 691 263 678 646 198 83 398 629 ; 
419 121 1276 624 500 882 972 375 889 1052 1079 256 829 132 1093 639 1244 726 1029 724 867 523 1201 1122 912 813 1181 465 919 647 401 713 490 873 1008 880 668 89 940 776 818 988 875 907 459 1060 279 776 1154 817 671 553 556 821 263 799 879 723 682 768 0 1157 348 140 985 811 857 1061 939 831 740 58 639 1106 713 496 266 427 910 577 507 1232 1102 737 822 500 389 60 714 731 729 699 603 984 815 855 355 775 650 1096 406 954 555 558 1088 732 951 720 395 1131 ; 
821 1087 125 664 811 372 434 816 741 124 88 963 713 1083 127 655 100 525 186 449 293 684 68 35 757 371 97 753 868 515 835 489 888 474 298 440 493 1082 241 394 459 543 319 696 871 202 886 441 27 646 681 660 804 705 1005 573 560 724 832 565 1157 0 829 1018 250 446 741 214 314 339 424 1109 583 71 836 691 897 918 612 887 695 129 55 819 338 900 877 1105 781 496 461 620 864 493 417 302 826 511 563 213 757 235 774 803 264 591 587 538 890 140 ; 
309 260 951 288 401 533 729 36 753 734 756 281 519 327 753 303 909 378 687 428 535 313 866 793 612 471 864 297 829 313 300 365 252 526 727 631 336 263 601 437 567 778 532 593 405 760 169 504 828 645 346 336 269 675 338 460 541 586 600 557 348 829 0 211 640 553 723 715 592 524 434 293 402 772 632 148 163 411 580 337 297 916 773 460 490 270 333 290 605 474 383 361 349 759 467 529 9 540 301 750 169 613 252 460 740 392 756 485 353 789 ; 
319 101 1138 495 410 743 852 240 800 915 941 182 711 137 953 509 1104 589 889 589 727 402 1061 983 800 673 1044 352 846 507 302 573 390 738 878 757 528 68 800 636 694 878 735 789 382 926 154 647 1016 715 546 431 443 728 219 669 749 630 607 654 140 1018 211 0 845 685 768 921 800 695 604 91 516 966 639 358 139 363 784 481 385 1095 963 631 683 403 305 87 630 605 589 569 502 869 676 716 218 655 512 956 273 814 437 471 949 601 844 598 317 991 ; 
714 899 369 430 733 126 525 620 790 243 233 828 463 932 131 419 294 291 64 362 169 583 254 222 513 173 333 647 918 343 724 276 656 224 405 481 328 903 79 216 465 637 111 451 787 344 733 409 266 672 438 567 568 733 878 324 312 718 814 564 985 250 640 845 0 444 780 75 64 284 326 932 513 179 828 493 741 829 367 646 588 376 207 569 195 665 771 928 773 454 256 378 620 588 183 201 635 504 347 111 611 64 540 745 119 346 665 505 788 155 ; 
414 776 534 561 379 457 177 559 349 322 357 576 750 709 461 562 547 475 435 152 280 288 511 418 834 351 423 353 474 319 431 402 728 557 202 80 298 754 364 313 23 249 374 780 441 277 532 56 429 228 617 259 676 288 605 599 645 283 388 123 811 446 553 685 444 0 336 495 458 161 176 775 172 432 396 471 547 489 710 774 304 466 403 793 278 746 465 770 340 80 375 570 764 216 431 248 555 65 442 526 414 380 642 362 556 564 251 100 473 506 ; 
449 870 798 838 359 790 314 745 32 623 658 601 1055 728 783 843 839 782 766 459 617 411 809 720 1145 680 688 431 138 606 466 709 953 884 445 306 592 832 700 639 314 230 709 1096 398 542 622 379 719 108 901 392 925 53 599 912 967 139 189 225 857 741 723 768 780 336 0 827 794 498 493 842 355 744 166 703 638 435 1032 1019 426 717 709 1075 611 972 468 838 144 351 687 864 1017 268 758 584 729 282 731 856 554 716 893 299 889 867 174 304 461 826 ; 
786 974 322 498 801 193 555 695 835 246 226 903 506 1008 87 487 236 361 61 427 233 653 201 195 544 248 307 718 963 418 797 351 723 272 427 523 402 978 140 291 515 668 186 483 856 352 808 465 236 721 500 636 634 782 952 377 352 774 873 617 1061 214 715 921 75 495 827 0 129 340 392 1007 578 148 886 568 816 899 399 708 660 344 186 620 264 732 843 1004 830 513 331 441 681 618 254 262 710 557 420 36 686 123 607 811 64 408 701 563 859 91 ; 
690 849 434 369 717 64 557 570 807 298 292 795 400 893 196 358 358 231 129 356 177 563 319 286 454 141 395 624 933 308 699 226 594 160 446 504 296 855 109 190 480 667 88 392 768 394 695 417 330 686 374 550 506 745 846 259 251 722 814 573 939 314 592 800 64 458 794 129 0 296 319 885 504 243 830 444 701 808 309 582 567 440 270 505 187 603 747 882 776 456 211 314 556 619 126 210 586 514 293 160 576 101 479 734 149 282 691 507 764 216 ; 
481 773 449 453 477 298 285 520 511 223 254 625 610 748 320 450 436 343 283 110 119 344 395 306 689 197 350 413 636 228 495 274 649 403 220 214 203 761 205 169 184 386 213 633 535 236 554 125 330 390 499 321 583 449 666 456 493 434 532 279 831 339 524 695 284 161 498 340 296 0 91 786 248 305 545 407 566 582 559 678 355 400 287 671 120 665 538 782 489 173 243 444 663 342 280 86 523 219 331 374 426 222 548 477 400 432 401 223 551 365 ; 
402 682 538 389 409 302 337 431 511 312 341 539 574 660 388 389 517 299 340 36 159 266 475 389 659 190 440 334 630 151 415 226 572 391 299 249 127 670 252 146 198 424 230 607 465 326 464 121 417 385 443 246 512 441 582 424 474 406 494 267 740 424 434 604 326 176 493 392 319 91 0 695 187 382 511 323 476 509 540 609 275 491 370 618 132 588 460 691 458 142 199 394 596 386 265 133 433 212 269 427 336 269 477 419 445 388 427 192 474 432 ; 
396 69 1229 566 483 827 940 318 874 1006 1032 242 770 142 1042 581 1194 669 977 680 817 489 1151 1073 855 761 1135 436 911 596 378 658 433 815 969 846 618 30 889 724 783 962 822 849 447 1017 242 737 1106 795 612 519 498 803 261 741 820 705 672 739 58 1109 293 91 932 775 842 1007 885 786 695 0 604 1056 704 441 227 421 851 521 473 1186 1053 680 772 443 374 4 701 694 675 641 546 955 760 806 299 742 594 1042 364 902 497 543 1034 674 926 686 383 1079 ; 
245 609 685 482 229 481 336 416 380 461 495 405 704 536 567 488 681 437 524 151 345 116 641 551 797 369 577 181 484 257 261 367 609 557 373 241 247 585 438 321 178 376 416 751 288 438 362 146 571 258 547 87 573 302 436 568 630 240 314 156 639 583 402 516 513 172 355 578 504 248 187 604 0 553 335 353 377 335 693 668 132 624 533 720 319 627 299 600 286 94 350 512 664 359 434 316 406 140 379 613 249 455 540 232 632 517 354 84 309 612 ; 
784 1031 192 597 782 302 448 758 748 123 92 921 642 1037 61 587 137 457 115 411 239 648 94 47 687 307 160 716 876 460 798 425 821 403 313 438 438 1029 175 334 447 561 253 626 841 224 838 418 89 645 611 625 736 704 964 503 490 714 820 554 1106 71 772 966 179 432 744 148 243 305 382 1056 553 0 827 631 848 887 542 818 657 199 41 748 283 832 842 1052 771 471 398 551 794 510 348 254 768 497 499 153 710 167 707 780 202 521 600 517 855 89 ; 
331 740 911 798 235 813 439 659 194 713 749 462 1031 582 857 806 937 770 827 475 659 342 903 811 1126 701 798 335 207 590 344 701 877 893 555 399 582 699 750 654 379 380 741 1082 257 648 505 420 817 202 865 333 864 160 451 901 966 113 32 273 713 836 632 639 828 396 166 886 830 545 511 704 335 827 0 644 520 286 1028 952 352 834 797 1032 642 896 334 701 56 375 685 838 955 407 769 627 639 331 706 918 465 766 835 173 945 847 325 323 322 902 ; 
360 406 815 170 435 385 647 127 730 604 624 394 414 465 609 182 767 232 542 328 399 302 725 656 510 326 734 320 824 181 358 217 258 383 623 551 207 411 458 297 489 714 386 481 459 642 280 417 693 611 237 315 222 651 451 328 408 575 615 507 496 691 148 358 493 471 703 568 444 407 323 441 353 631 644 0 281 480 454 315 292 786 636 389 354 276 402 438 607 400 237 234 313 686 318 397 142 474 153 602 203 470 191 484 592 260 701 425 423 644 ; 
190 236 1014 443 286 649 713 199 670 789 816 118 680 191 840 457 986 510 779 458 609 263 943 861 774 567 916 214 726 397 175 480 406 662 742 618 415 208 688 526 555 739 629 752 270 794 16 510 892 580 504 292 432 596 175 609 690 499 488 515 266 897 163 139 741 547 638 816 701 566 476 227 377 848 520 281 0 265 734 495 246 967 842 624 566 424 192 223 505 467 490 513 509 730 583 595 173 515 429 852 140 703 416 348 851 541 706 459 209 880 ; 
123 462 1018 650 110 770 614 445 467 796 830 181 894 296 898 661 1017 672 849 477 668 245 977 886 990 667 909 184 491 510 121 619 664 818 689 536 515 417 760 618 486 599 722 959 48 766 252 479 906 414 717 263 675 406 165 793 869 310 255 403 427 918 411 363 829 489 435 899 808 582 509 421 335 887 286 480 265 0 923 749 241 955 868 861 634 681 78 417 291 424 616 708 759 608 712 643 420 433 593 935 276 776 652 146 948 728 553 389 58 942 ; 
800 797 721 291 858 272 842 546 1051 607 600 848 122 908 485 277 631 258 428 572 453 705 600 587 145 362 699 747 1168 438 802 326 451 158 745 773 446 821 414 396 734 945 358 84 895 701 734 659 631 924 238 704 364 980 905 130 65 933 1005 807 910 612 580 784 367 710 1032 399 309 559 540 851 693 542 1028 454 734 923 0 394 701 741 574 254 438 450 849 849 979 681 345 221 363 901 279 481 571 752 331 412 650 409 357 895 368 195 959 728 869 488 ; 
642 456 1011 229 729 519 945 303 1046 832 841 610 283 618 777 235 940 364 708 623 627 613 900 855 349 528 954 618 1138 457 635 414 91 442 898 853 481 493 648 525 794 1021 570 361 740 896 503 718 898 927 207 629 97 967 665 337 394 889 922 821 577 887 337 481 646 774 1019 708 582 678 609 521 668 818 952 315 495 749 394 0 601 1003 837 165 588 77 670 520 918 709 446 268 31 990 471 639 328 785 348 734 489 653 131 785 703 299 1013 738 690 798 ; 
127 480 803 449 157 531 467 318 456 577 609 275 689 405 663 458 791 444 611 246 430 17 749 661 785 426 699 59 538 273 140 385 530 585 504 373 276 454 521 377 310 495 482 746 202 565 231 274 685 349 517 46 511 377 311 571 643 291 323 271 507 695 297 385 588 304 426 660 567 355 275 473 132 657 352 292 246 241 701 601 0 747 642 680 395 548 185 469 317 225 378 496 602 484 473 407 302 269 371 696 130 537 482 196 707 511 467 213 200 706 ; 
869 1170 83 777 845 495 403 907 712 182 163 1022 840 1147 257 769 164 639 313 509 387 734 165 154 886 478 51 803 835 605 884 596 998 600 279 437 581 1161 356 493 473 500 433 825 906 190 955 477 110 635 799 707 917 689 1058 698 688 725 834 573 1232 129 916 1095 376 466 717 344 440 400 491 1186 624 199 834 786 967 955 741 1003 747 0 170 943 432 1010 923 1183 781 531 567 738 981 453 534 388 914 527 669 342 826 352 886 828 392 710 551 565 934 266 ; 
769 1032 179 612 762 325 410 761 712 86 52 910 671 1029 101 603 148 473 145 396 237 632 108 20 719 317 125 701 840 460 783 435 835 430 274 405 437 1027 189 338 418 522 267 658 822 183 831 394 61 612 631 608 752 671 952 528 520 684 791 524 1102 55 773 963 207 403 709 186 270 287 370 1053 533 41 797 636 842 868 574 837 642 170 0 773 283 847 826 1050 742 449 407 570 813 471 366 247 770 469 509 194 703 184 721 757 243 542 563 493 839 131 ; 
745 616 938 237 824 448 953 424 1100 785 788 742 133 767 699 233 856 329 634 641 594 690 820 790 184 491 897 710 1203 476 741 397 247 347 884 868 495 651 591 504 816 1042 517 203 845 864 629 737 834 975 176 699 192 1022 799 245 275 955 1003 862 737 819 460 631 569 793 1075 620 505 671 618 680 720 748 1032 389 624 861 254 165 680 943 773 0 563 239 782 679 992 741 428 226 136 1005 417 613 451 818 351 640 587 592 209 874 602 242 1043 778 803 711 ; 
522 749 461 359 538 179 404 478 626 252 269 645 494 757 274 354 421 234 217 168 45 389 378 303 570 77 380 454 750 177 533 174 571 282 321 335 154 745 126 63 301 507 99 513 592 308 557 232 339 502 396 372 496 561 692 339 373 534 626 388 822 338 490 683 195 278 611 264 187 120 132 772 319 283 642 354 566 634 438 588 395 432 283 563 0 585 579 769 588 268 142 338 570 463 160 51 487 329 242 300 430 142 463 551 314 321 522 320 595 315 ; 
579 379 1025 235 669 539 920 239 1000 835 847 537 347 541 796 246 959 376 726 598 627 562 918 866 420 532 960 561 1087 438 571 414 18 476 885 826 463 415 658 522 765 990 580 426 676 890 433 691 908 884 236 580 97 921 591 375 441 839 865 783 500 900 270 403 665 746 972 732 603 665 588 443 627 832 896 276 424 681 450 77 548 1010 847 239 585 0 604 443 865 677 445 291 103 962 485 634 262 751 343 760 430 665 125 726 734 326 978 702 623 820 ; 
57 406 983 572 110 706 606 367 500 758 791 133 817 265 848 584 974 600 796 430 615 194 933 844 913 605 876 125 541 443 48 550 586 748 667 521 451 366 705 557 465 606 663 882 78 737 179 446 867 429 639 217 596 431 143 718 795 333 301 395 389 877 333 305 771 465 468 843 747 538 460 374 299 842 334 402 192 78 849 670 185 923 826 782 579 604 0 370 327 393 549 632 680 608 645 592 342 415 520 880 199 722 573 169 889 653 565 366 20 891 ; 
392 69 1225 564 479 824 936 315 870 1002 1028 238 769 139 1038 579 1190 667 973 677 813 485 1147 1070 853 757 1131 431 908 593 374 655 432 813 965 842 614 28 885 721 779 957 819 847 443 1013 238 733 1103 791 610 515 496 799 258 739 818 701 669 735 60 1105 290 87 928 770 838 1004 882 782 691 4 600 1052 701 438 223 417 849 520 469 1183 1050 679 769 443 370 0 697 690 672 638 545 951 757 803 296 738 591 1039 360 899 495 539 1031 672 922 682 379 1075 ; 
315 732 856 756 220 760 388 631 175 657 694 460 987 585 801 763 882 722 771 422 604 305 847 755 1080 648 744 308 223 542 330 653 846 842 501 344 533 693 694 601 323 338 687 1036 255 594 490 364 762 153 823 292 828 122 455 853 916 57 56 217 714 781 605 630 773 340 144 830 776 489 458 701 286 771 56 607 505 291 979 918 317 781 742 992 588 865 327 697 0 320 635 793 920 361 718 572 612 275 661 863 437 711 798 159 889 801 284 268 319 846 ; 
