

nbDEMANDES = 100

nbPRODUITS = 10

nbMAGASINS = 10

nbNOEUDS = 110

S[m,p] = [
9 0 37 9 4 10 0 21 26 20 ; 
22 42 36 7 26 8 42 38 36 17 ; 
14 48 24 36 24 0 28 6 22 37 ; 
45 14 41 32 28 40 39 0 45 28 ; 
33 15 14 36 43 0 42 45 41 0 ; 
25 12 47 39 0 28 11 15 12 29 ; 
0 26 48 25 16 4 43 18 22 15 ; 
0 28 20 30 37 0 47 13 10 48 ; 
41 16 22 44 26 41 37 19 5 0 ; 
47 23 19 1 21 38 43 22 49 2 
]

R[i,j] = [
0 589 495 243 684 566 167 167 453 148 338 747 832 680 314 570 133 661 201 829 398 579 555 947 985 227 478 309 181 292 424 116 765 1052 786 762 596 372 732 837 375 786 203 537 526 731 628 757 940 88 429 460 28 226 774 558 735 1074 286 446 332 835 808 457 788 671 732 677 258 638 942 626 987 859 795 505 258 854 607 946 997 75 709 674 733 828 666 453 516 308 371 583 449 564 759 898 501 762 118 886 260 316 269 980 81 460 211 223 586 905 ; 
589 0 159 434 222 53 554 716 191 502 343 245 268 664 549 276 639 639 491 293 295 451 84 358 397 396 436 299 479 412 628 600 329 526 369 331 151 312 153 410 222 380 625 363 232 547 89 168 362 640 240 197 603 394 252 85 639 556 312 263 334 477 779 152 628 119 524 142 331 346 420 159 403 488 454 576 409 529 511 358 412 663 450 624 537 330 206 143 250 300 624 498 554 77 196 369 470 189 532 337 623 528 556 451 667 361 500 657 442 317 ; 
495 159 0 403 195 184 503 597 42 443 344 253 340 739 541 380 573 714 359 334 322 535 80 476 528 276 278 185 353 268 642 534 480 683 518 290 101 161 254 562 198 328 491 215 323 655 145 295 507 529 278 250 514 275 410 82 733 715 261 104 330 409 865 185 736 185 637 300 244 233 579 132 541 426 592 620 381 450 593 470 548 570 569 705 647 338 176 82 103 265 623 575 585 204 354 527 527 342 415 391 592 522 410 609 566 202 463 612 298 433 ; 
243 434 403 0 596 395 127 410 374 98 107 646 701 463 145 337 223 442 322 715 171 337 433 783 807 255 526 260 293 349 261 189 536 832 553 694 499 361 587 602 216 731 407 541 302 490 499 597 750 328 217 258 239 251 565 437 506 850 143 409 108 805 596 283 551 541 489 483 189 613 724 526 801 825 553 295 25 839 369 787 812 294 466 449 491 734 576 331 470 140 229 345 242 384 567 683 265 577 283 766 191 130 421 762 319 475 66 223 614 744 ; 
684 222 195 596 0 275 699 773 233 639 526 66 186 884 729 498 768 859 529 155 492 672 171 353 421 460 350 377 529 428 823 729 527 645 567 109 97 323 171 601 382 157 653 248 452 768 134 228 431 710 440 403 705 460 420 167 861 680 455 247 513 256 1001 343 850 122 745 333 439 171 557 71 447 265 663 786 572 309 733 340 451 760 670 845 758 143 19 264 183 455 810 718 758 299 341 508 684 317 596 215 786 709 558 578 753 295 656 807 302 314 ; 
566 53 184 395 275 0 518 701 208 469 300 298 315 610 503 223 606 586 486 344 247 398 122 389 420 387 461 292 471 416 578 568 296 518 334 384 199 322 197 378 192 432 619 396 179 496 142 202 374 623 192 148 578 384 236 125 586 546 282 284 291 529 726 113 578 171 474 124 313 391 409 209 420 540 412 524 370 580 458 391 430 638 401 570 486 383 258 142 283 267 576 444 503 25 197 359 417 197 519 386 581 482 558 443 646 385 461 619 478 349 ; 
167 554 503 127 699 518 0 328 469 63 233 754 817 514 147 459 99 496 323 828 298 432 544 907 933 293 573 335 294 384 258 70 659 956 674 792 603 427 706 722 332 824 365 608 428 579 613 720 877 255 344 384 151 290 691 548 574 974 247 488 235 890 641 405 630 656 583 610 265 693 849 632 928 911 665 339 151 918 451 910 939 191 571 510 583 840 679 440 555 253 206 428 283 508 693 810 348 703 255 880 108 150 411 888 226 535 64 108 672 867 ; 
167 716 597 410 773 701 328 0 555 315 501 838 937 842 474 731 261 824 244 925 560 747 668 1068 1113 322 499 419 244 346 577 264 923 1203 946 833 693 449 848 997 517 849 141 582 684 898 740 881 1076 83 585 612 177 324 921 671 901 1226 434 525 494 880 967 599 955 782 899 819 389 692 1092 724 1119 906 960 667 424 889 774 1065 1128 144 876 838 901 912 756 574 592 459 521 750 611 703 898 1046 669 898 183 984 404 478 248 1129 104 506 377 353 609 1026 ; 
453 191 42 374 233 208 469 555 0 408 324 293 383 732 515 387 535 707 316 375 309 532 120 518 569 233 256 144 310 227 619 496 502 717 539 322 142 122 296 585 179 357 448 207 328 659 188 336 546 486 270 249 473 233 441 122 731 748 231 77 309 431 860 185 739 228 642 329 206 246 611 173 582 450 608 605 353 469 589 512 589 529 577 699 652 376 214 80 104 238 598 570 567 225 388 560 517 379 372 433 561 497 370 643 524 180 431 578 291 475 ; 
148 502 443 98 639 469 63 315 408 0 201 695 762 538 181 434 137 519 269 770 265 432 486 858 887 232 511 272 240 323 300 99 632 926 651 730 543 364 652 700 279 762 328 545 396 583 557 669 834 235 305 342 141 228 655 490 589 945 191 425 199 827 668 356 640 600 584 567 203 630 817 573 884 848 652 364 117 855 459 860 895 196 563 529 585 781 619 382 493 201 253 435 308 461 651 776 353 659 210 824 168 177 362 855 221 472 67 171 609 817 ; 
338 343 344 107 526 300 233 501 324 201 0 571 612 432 205 233 330 409 370 633 64 268 357 684 704 281 521 247 342 367 297 296 431 725 450 631 430 346 496 499 146 672 476 515 196 419 417 501 645 418 112 155 338 277 458 361 456 744 119 376 15 753 566 192 489 457 414 379 191 570 617 455 697 771 458 285 84 793 312 688 708 396 378 408 418 659 507 264 428 95 283 288 244 286 462 576 216 474 351 680 282 185 468 655 417 459 170 324 594 645 ; 
747 245 253 646 66 298 754 838 293 695 571 0 126 907 775 518 826 883 595 88 531 695 214 297 368 524 414 438 595 494 864 787 520 608 560 107 152 389 147 589 431 156 719 311 477 780 157 201 387 775 478 437 767 524 405 210 878 644 508 313 559 258 1020 382 860 128 756 332 497 223 526 122 397 261 661 820 622 315 755 281 399 822 679 867 769 88 81 315 250 506 855 742 795 322 324 479 715 297 660 148 837 756 625 544 816 361 709 862 358 260 ; 
832 268 340 701 186 315 817 937 383 762 612 126 0 898 818 509 897 874 696 64 563 688 277 171 243 616 537 524 693 600 894 858 464 499 501 218 244 492 118 522 485 259 825 435 481 750 205 139 273 869 507 464 850 616 339 274 856 536 571 419 603 353 999 420 827 162 724 298 575 349 429 215 275 349 609 833 676 411 746 155 277 907 645 854 737 134 195 381 362 564 892 737 817 334 260 387 724 230 756 72 891 797 736 441 905 479 766 923 484 137 ; 
680 664 739 463 884 610 514 842 732 538 432 907 898 0 367 390 590 24 785 942 425 212 718 890 874 708 952 679 756 798 279 579 484 738 465 994 799 777 785 487 557 1041 866 936 431 192 753 759 792 768 462 489 665 704 597 721 94 737 551 796 448 1135 133 554 174 779 219 599 623 973 665 816 847 1148 376 175 464 1183 152 905 859 702 282 45 206 989 867 657 836 528 334 166 231 586 657 655 217 683 744 970 450 364 884 698 739 887 471 513 1018 866 ; 
314 549 541 145 729 503 147 474 515 181 205 775 818 367 0 383 226 350 448 839 257 309 561 881 896 394 669 405 418 489 120 211 577 877 584 831 632 506 701 629 346 870 508 686 370 447 623 703 830 402 312 356 298 391 633 565 430 890 285 553 216 946 494 398 491 662 455 570 334 756 775 658 884 966 557 192 163 982 318 887 896 335 455 365 453 863 709 464 613 276 84 296 137 488 652 741 220 667 391 886 104 21 542 813 371 619 115 166 758 844 ; 
570 276 380 337 498 223 459 731 387 434 233 518 509 390 383 0 558 366 568 551 171 179 340 526 527 469 637 396 545 534 418 526 199 498 217 608 420 471 395 266 252 656 689 593 60 275 365 373 454 647 153 147 571 465 252 343 362 514 307 462 237 753 502 203 357 389 256 216 373 607 392 433 510 764 239 333 316 804 238 536 522 629 190 349 267 599 482 307 483 279 435 227 330 199 287 357 222 309 569 582 482 363 660 431 650 563 395 536 677 495 ; 
133 639 573 223 768 606 99 261 535 137 330 826 897 590 226 558 0 574 329 903 395 527 621 995 1024 330 600 393 305 410 318 39 758 1055 773 854 674 474 789 821 416 884 333 649 526 670 692 807 970 204 439 478 106 328 788 625 657 1073 327 543 331 941 711 493 717 735 676 703 329 743 947 704 1021 964 763 417 247 965 542 997 1031 116 667 591 675 911 749 516 612 339 262 519 363 599 787 907 440 796 249 958 144 235 403 986 157 573 163 93 705 955 ; 
661 639 714 442 859 586 496 824 707 519 409 883 874 24 350 366 574 0 763 918 400 188 693 869 854 686 928 655 734 775 267 562 465 724 447 969 774 753 761 471 533 1017 846 911 407 179 728 736 772 750 437 465 647 682 576 697 94 723 528 771 424 1110 156 529 171 755 205 576 599 948 649 791 828 1124 361 157 442 1158 128 883 839 685 264 30 193 965 842 632 812 504 322 141 213 561 635 637 193 661 724 947 436 346 862 682 722 862 452 499 993 844 ; 
201 491 359 322 529 486 323 244 316 269 370 595 696 785 448 568 329 763 0 682 410 638 434 834 883 101 277 194 29 103 568 301 742 1002 772 590 452 205 612 822 323 608 134 346 513 789 504 650 853 190 415 429 229 105 717 436 821 1028 263 281 357 646 919 398 859 544 783 609 195 453 892 482 893 671 808 617 321 660 680 829 901 265 741 768 788 668 513 348 348 292 523 656 564 492 682 843 579 679 84 741 430 441 98 927 243 269 332 410 387 791 ; 
829 293 334 715 155 344 828 925 375 770 633 88 64 942 839 551 903 918 682 0 588 730 284 227 302 608 500 520 681 582 921 864 521 563 559 160 233 476 157 582 499 197 807 397 518 801 216 193 336 860 533 491 849 608 398 280 904 600 581 400 622 289 1047 441 879 176 775 347 576 302 493 203 336 284 665 868 691 347 789 209 336 905 697 899 788 70 169 388 338 576 916 779 848 366 317 450 760 288 746 60 907 819 713 505 900 449 779 935 438 197 ; 
398 295 322 171 492 247 298 560 309 265 64 531 563 425 257 171 395 400 410 588 0 238 320 625 643 315 529 262 384 393 333 360 367 660 388 599 398 354 445 438 132 643 524 510 131 384 375 446 582 476 55 99 401 311 393 324 435 680 147 371 66 729 556 149 458 412 375 317 220 554 552 421 635 745 403 297 149 772 290 631 646 459 331 395 381 619 473 239 414 119 329 268 266 231 400 512 208 413 402 632 341 236 506 590 479 462 235 387 592 588 ; 
579 451 535 337 672 398 432 747 532 432 268 695 688 212 309 179 527 188 638 730 238 0 508 693 685 548 766 500 610 630 293 503 309 598 303 782 589 591 574 340 365 830 739 738 219 152 541 551 607 666 263 284 572 544 405 511 199 605 381 600 281 925 330 349 221 567 152 392 455 767 507 605 663 937 252 181 328 973 60 706 675 622 146 172 154 777 655 454 634 354 329 49 202 374 456 485 90 480 614 761 413 295 736 543 652 696 373 476 822 666 ; 
555 84 80 433 171 122 544 668 120 486 357 214 277 718 561 340 621 693 434 284 320 508 0 400 450 345 353 250 426 347 652 581 413 604 452 280 81 241 179 494 216 325 567 279 289 615 73 216 426 596 269 232 572 344 334 4 701 635 297 184 344 417 838 171 697 116 594 225 297 268 500 100 461 430 534 614 408 465 568 396 469 630 523 680 606 302 152 104 166 293 640 552 586 146 274 449 514 262 485 337 624 541 490 530 630 279 496 651 359 357 ; 
947 358 476 783 353 389 907 1068 518 858 684 297 171 890 881 526 995 869 834 227 625 693 400 0 75 746 701 650 827 744 939 957 415 355 445 387 393 636 221 449 579 425 967 601 517 721 330 190 133 995 571 528 962 744 293 397 833 391 669 567 677 512 975 502 790 291 692 314 689 520 310 367 112 504 553 859 758 569 746 22 111 1021 616 845 706 294 359 496 519 656 947 742 853 398 238 282 748 217 885 192 966 860 884 310 1025 639 849 1007 654 43 ; 
985 397 528 807 421 420 933 1113 569 887 704 368 243 874 896 527 1024 854 883 302 643 685 450 75 0 791 765 695 874 796 945 986 390 286 415 461 452 690 276 412 612 499 1017 667 526 697 383 233 84 1037 592 549 998 790 280 447 810 321 702 624 699 587 950 532 761 347 668 326 728 590 256 428 41 579 522 857 782 644 735 96 36 1058 594 828 682 369 426 539 580 686 957 733 857 425 244 237 747 230 929 267 985 875 939 250 1064 701 873 1029 723 107 ; 
227 396 276 255 460 387 293 322 233 232 281 524 616 708 394 469 330 686 101 608 315 548 345 746 791 0 279 96 84 94 514 295 640 901 670 535 375 145 525 720 221 559 233 319 412 698 417 558 757 252 315 328 250 4 617 348 737 927 168 219 267 612 842 296 770 459 690 509 95 414 791 405 799 635 708 547 247 634 593 742 808 301 645 688 696 603 442 253 289 196 475 570 496 392 584 742 496 582 139 667 400 383 191 826 292 243 283 395 378 703 ; 
478 436 278 526 350 461 573 499 256 511 521 414 537 952 669 637 600 928 277 500 529 766 353 701 765 279 0 274 296 190 787 568 757 955 794 368 317 175 494 840 400 370 360 103 577 903 397 546 761 462 504 493 505 282 688 353 964 987 403 179 505 384 1084 434 981 424 888 578 338 211 853 338 787 410 863 804 513 390 820 689 792 542 827 925 897 464 342 333 191 425 752 798 758 480 626 801 734 611 361 559 680 657 252 881 519 76 561 672 110 660 ; 
309 299 185 260 377 292 335 419 144 272 247 438 524 679 405 396 393 655 194 520 262 500 250 650 695 96 274 0 180 137 519 355 556 808 587 461 286 101 429 637 144 490 328 280 337 644 323 462 661 346 248 250 329 95 524 253 696 835 129 153 231 554 812 209 720 365 633 415 72 358 698 317 702 575 634 530 244 584 551 646 711 384 581 653 640 520 358 156 220 151 489 529 484 299 488 649 462 485 235 577 434 390 271 733 381 215 307 443 354 607 ; 
181 479 353 293 529 471 294 244 310 240 342 595 693 756 418 545 305 734 29 681 384 610 426 827 874 84 296 180 0 112 538 276 721 985 750 596 449 206 605 800 302 615 149 358 490 762 497 641 841 182 391 408 208 86 701 429 793 1011 238 283 330 658 889 379 831 538 756 593 172 463 874 479 882 682 783 588 291 675 651 822 891 249 715 739 760 670 513 336 351 267 493 627 534 476 668 826 550 666 69 740 402 411 128 910 231 281 303 384 404 784 ; 
292 412 268 349 428 416 384 346 227 323 367 494 600 798 489 534 410 775 103 582 393 630 347 744 796 94 190 137 112 0 609 378 691 934 723 487 355 107 522 773 281 505 225 246 475 777 414 563 772 292 384 388 318 98 651 349 823 962 249 182 352 545 932 344 851 452 767 540 176 351 825 385 808 570 772 639 340 562 678 737 816 361 717 776 774 566 413 274 246 276 569 655 589 426 608 775 583 601 181 642 491 478 143 859 343 168 377 482 295 701 ; 
424 628 642 261 823 578 258 577 619 300 297 864 894 279 120 418 318 267 568 921 333 293 652 939 945 514 787 519 538 609 0 314 594 889 594 928 727 621 776 633 443 969 623 799 422 402 708 770 873 510 388 430 405 510 671 656 357 898 394 664 311 1050 394 482 428 745 417 625 450 864 794 752 928 1068 544 123 275 1088 278 948 940 434 438 289 411 952 803 562 721 381 56 262 92 559 703 767 208 722 510 964 174 130 662 832 473 735 235 235 874 905 ; 
116 600 534 189 729 568 70 264 496 99 296 787 858 579 211 526 39 562 301 864 360 503 581 957 986 295 568 355 276 378 314 0 725 1021 741 816 635 438 750 790 377 846 319 614 492 649 653 768 933 197 403 441 93 293 752 585 642 1039 288 505 295 905 703 455 700 696 654 666 290 707 913 665 983 927 735 404 211 929 521 958 994 123 641 577 654 872 710 477 574 300 259 499 349 561 750 872 418 758 224 918 145 218 380 951 160 538 133 109 672 916 ; 
765 329 480 536 527 296 659 923 502 632 431 520 464 484 577 199 758 465 742 521 367 309 413 415 390 640 757 556 721 691 594 725 0 300 40 625 478 609 374 82 419 675 870 691 239 306 401 328 308 840 338 314 768 637 126 414 419 315 491 579 434 777 560 346 375 404 277 194 549 673 200 478 362 782 145 490 515 833 352 432 374 826 203 438 292 584 516 428 578 464 620 354 502 276 204 175 386 233 754 532 678 557 827 237 846 681 595 734 772 397 ; 
1052 526 683 832 645 518 956 1203 717 926 725 608 499 738 877 498 1055 724 1002 563 660 598 604 355 286 901 955 808 985 934 889 1021 300 0 295 713 640 837 475 258 686 757 1134 868 529 546 558 418 227 1121 623 591 1058 898 284 603 656 36 769 787 726 852 779 606 589 538 519 393 818 815 110 626 244 848 363 779 809 911 629 377 250 1117 465 694 532 634 643 660 764 745 918 637 797 509 329 158 681 343 1026 541 978 858 1076 74 1133 882 892 1034 938 370 ; 
786 369 518 553 567 334 674 946 539 651 450 560 501 465 584 217 773 447 772 559 388 303 452 445 415 670 794 587 750 723 594 741 40 295 0 665 518 644 413 50 448 715 898 730 262 282 441 367 331 863 362 342 788 667 162 453 395 306 517 616 454 817 534 379 346 444 252 234 578 713 204 518 385 821 109 485 533 873 340 462 397 846 183 419 267 622 556 464 616 490 622 345 501 314 242 189 385 271 780 569 687 565 858 240 867 718 610 745 811 429 ; 
762 331 290 694 109 384 792 833 322 730 631 107 218 994 831 608 854 969 590 160 599 782 280 387 461 535 368 461 596 487 928 816 625 713 665 0 201 391 255 696 485 50 705 266 562 876 242 308 488 778 549 512 785 536 512 276 970 749 552 316 617 151 1110 451 957 224 853 434 527 158 633 179 493 158 765 895 672 208 842 369 495 836 777 955 865 101 127 367 246 555 913 828 865 409 431 587 794 404 664 208 883 812 603 650 825 332 753 900 289 355 ; 
596 151 101 499 97 199 603 693 142 543 430 152 244 799 632 420 674 774 452 233 398 589 81 393 452 375 317 286 449 355 727 635 478 640 518 201 0 247 177 557 286 244 581 228 370 695 82 228 443 627 348 312 615 374 387 77 782 674 358 175 417 335 920 250 776 106 673 285 345 195 542 30 470 349 606 694 475 384 649 384 476 671 600 762 685 237 77 167 128 358 713 633 664 224 316 491 595 298 513 291 689 613 493 568 666 249 560 711 301 350 ; 
372 312 161 361 323 322 427 449 122 364 346 389 492 777 506 471 474 753 205 476 354 591 241 636 690 145 175 101 206 107 621 438 609 837 644 391 247 0 415 692 226 414 333 181 410 730 307 457 668 388 331 324 396 147 558 243 789 867 231 76 331 467 909 270 808 345 717 446 171 269 730 277 703 490 703 631 345 492 645 629 710 446 659 749 725 463 307 181 145 251 590 623 586 336 509 679 559 500 274 536 530 492 248 762 434 113 405 533 252 593 ; 
732 153 254 587 171 197 706 848 296 652 496 147 118 785 701 395 789 761 612 157 445 574 179 221 276 525 494 429 605 522 776 750 374 475 413 255 177 415 0 441 374 304 745 400 364 645 108 57 268 775 390 346 748 524 257 176 747 510 462 348 487 406 890 305 724 71 619 191 473 339 386 156 293 409 516 715 562 463 633 216 299 807 541 742 633 212 167 278 305 452 774 622 698 216 176 337 606 149 664 190 776 680 663 407 808 426 653 810 464 178 ; 
837 410 562 602 601 378 722 997 585 700 499 589 522 487 629 266 821 471 822 582 438 340 494 449 412 720 840 637 800 773 633 790 82 258 50 696 557 692 441 0 498 746 948 773 313 297 478 392 327 913 413 392 838 717 184 495 410 265 567 661 504 847 544 428 353 478 269 272 628 751 179 555 378 851 113 521 583 904 371 468 389 895 208 442 282 647 591 511 660 540 664 379 541 359 266 176 425 294 831 587 732 611 908 211 917 764 658 791 853 438 ; 
375 222 198 216 382 192 332 517 179 279 146 431 485 557 346 252 416 533 323 499 132 365 216 579 612 221 400 144 302 281 443 377 419 686 448 485 286 226 374 498 0 525 451 378 193 504 283 390 565 436 105 107 386 218 403 220 564 711 90 238 132 607 687 82 582 325 491 302 131 425 576 312 612 624 490 425 192 647 420 580 622 447 437 527 499 518 363 118 284 78 427 399 388 188 383 529 340 387 340 550 407 327 410 612 456 331 281 437 460 538 ; 
786 380 328 731 157 432 824 849 357 762 672 156 259 1041 870 656 884 1017 608 197 643 830 325 425 499 559 370 490 615 505 969 846 675 757 715 50 244 414 304 746 525 0 717 271 610 926 291 357 532 797 593 557 810 560 562 321 1019 793 588 341 658 101 1159 495 1007 274 902 484 559 159 680 225 533 108 815 939 709 159 890 405 534 860 826 1002 915 131 174 407 271 593 952 875 908 457 481 634 839 454 684 239 918 851 613 696 846 343 788 933 280 395 ; 
203 625 491 407 653 619 365 141 448 328 476 719 825 866 508 689 333 846 134 807 524 739 567 967 1017 233 360 328 149 225 623 319 870 1134 898 705 581 333 745 948 451 717 0 447 636 892 636 783 987 135 537 555 227 236 850 570 913 1161 382 407 465 743 997 529 957 676 889 742 320 558 1024 610 1027 769 927 693 412 750 776 961 1035 232 854 855 893 788 638 482 470 410 571 752 637 625 816 976 671 813 125 867 463 506 108 1060 194 374 396 425 470 924 ; 
537 363 215 541 248 396 608 582 207 545 515 311 435 936 686 593 649 911 346 397 510 738 279 601 667 319 103 280 358 246 799 614 691 868 730 266 228 181 400 773 378 271 447 0 535 866 310 454 668 536 476 456 563 321 611 278 938 902 405 139 499 300 1065 392 947 332 849 504 352 111 770 244 690 325 807 800 524 316 795 588 695 607 783 904 859 360 241 287 113 421 770 775 758 418 544 719 719 526 427 455 711 671 342 797 589 77 586 713 84 561 ; 
526 232 323 302 452 179 428 684 328 396 196 477 481 431 370 60 526 407 513 518 131 219 289 517 526 412 577 337 490 475 422 492 239 529 262 562 370 410 364 313 193 610 636 535 0 331 321 351 460 601 99 87 530 409 265 292 412 549 254 402 197 705 549 143 412 349 313 203 318 552 421 385 514 717 297 351 280 754 280 525 525 589 250 392 324 561 435 248 426 227 431 265 339 155 282 381 242 300 518 554 463 349 603 459 607 503 365 513 619 482 ; 
731 547 655 490 768 496 579 898 659 583 419 780 750 192 447 275 670 179 789 801 384 152 615 721 697 698 903 644 762 777 402 649 306 546 282 876 695 730 645 297 504 926 892 866 331 0 634 611 613 818 399 411 722 694 428 618 113 545 530 731 432 1024 254 473 81 653 29 453 603 882 476 706 667 1034 185 279 481 1076 129 737 679 770 105 148 15 856 753 579 758 502 448 151 320 471 497 470 231 525 767 822 547 435 887 508 802 831 522 612 950 701 ; 
628 89 145 499 134 142 613 740 188 557 417 157 205 753 623 365 692 728 504 216 375 541 73 330 383 417 397 323 497 414 708 653 401 558 441 242 82 307 108 478 283 291 636 310 321 634 0 152 366 669 320 280 645 416 305 69 728 591 366 241 406 390 868 226 716 43 611 206 370 273 459 77 397 399 533 662 475 443 601 325 404 703 536 713 624 244 119 176 206 361 700 587 638 167 233 408 557 215 557 267 690 603 555 486 703 326 564 720 384 287 ; 
757 168 295 597 228 202 720 881 336 669 501 201 139 759 703 373 807 736 650 193 446 551 216 190 233 558 546 462 641 563 770 768 328 418 367 308 228 457 57 392 390 357 783 454 351 611 152 0 215 806 391 347 772 557 207 214 716 453 480 394 493 458 860 314 688 122 584 159 499 396 329 210 246 460 472 702 572 516 609 190 253 831 506 716 598 255 224 307 356 467 773 600 689 215 125 280 591 97 697 211 783 682 706 350 835 477 664 821 520 148 ; 
940 362 507 750 431 374 877 1076 546 834 645 387 273 792 830 454 970 772 853 336 582 607 426 133 84 757 761 661 841 772 873 933 308 227 331 488 443 668 268 327 565 532 987 668 460 613 366 215 0 998 533 492 951 755 203 424 727 264 654 607 641 625 866 483 677 337 584 267 687 602 177 424 56 620 437 782 725 684 655 155 68 1012 511 746 598 407 431 505 571 636 888 654 784 376 183 153 672 177 893 314 922 809 915 177 1020 692 815 969 731 143 ; 
88 640 529 328 710 623 255 83 486 235 418 775 869 768 402 647 204 750 190 860 476 666 596 995 1037 252 462 346 182 292 510 197 840 1121 863 778 627 388 775 913 436 797 135 536 601 818 669 806 998 0 502 530 104 253 840 599 824 1144 352 464 411 836 896 519 876 711 818 739 310 643 1010 658 1042 861 877 593 341 849 694 992 1051 97 793 762 820 852 693 499 533 376 456 670 537 623 818 965 589 820 114 919 342 404 225 1048 60 459 299 297 573 952 ; 
429 240 278 217 440 192 344 585 270 305 112 478 507 462 312 153 439 437 415 533 55 263 269 571 592 315 504 248 391 384 388 403 338 623 362 549 348 331 390 413 105 593 537 476 99 399 320 391 533 502 0 44 434 312 349 273 462 644 154 337 108 681 589 97 477 357 386 266 220 511 513 369 585 697 392 346 192 726 319 577 596 493 333 429 394 565 421 195 374 127 384 299 317 176 350 471 249 361 418 577 394 291 507 551 510 433 282 437 559 534 ; 
460 197 250 258 403 148 384 612 249 342 155 437 464 489 356 147 478 465 429 491 99 284 232 528 549 328 493 250 408 388 430 441 314 591 342 512 312 324 346 392 107 557 555 456 87 411 280 347 492 530 44 0 467 325 313 236 482 614 178 320 150 648 614 65 491 315 395 225 235 483 481 332 543 662 383 383 233 694 342 533 554 527 335 454 404 524 384 170 350 153 428 324 358 132 309 437 282 319 440 534 438 335 518 519 542 420 324 480 540 490 ; 
28 603 514 239 705 578 151 177 473 141 338 767 850 665 298 571 106 647 229 849 401 572 572 962 998 250 505 329 208 318 405 93 768 1058 788 785 615 396 748 838 386 810 227 563 530 722 645 772 951 104 434 467 0 249 781 576 723 1079 297 469 334 860 792 468 778 688 724 687 275 663 948 646 999 884 793 490 256 880 597 961 1009 60 705 660 726 849 687 469 539 316 351 573 434 575 769 904 492 774 146 905 238 301 297 986 80 486 200 198 613 920 ; 
226 394 275 251 460 384 290 324 233 228 277 524 616 704 391 465 328 682 105 608 311 544 344 744 790 4 282 95 86 98 510 293 637 898 667 536 374 147 524 717 218 560 236 321 409 694 416 557 755 253 312 325 249 0 614 347 733 925 164 220 263 613 838 293 766 458 686 507 92 415 788 405 797 637 704 543 243 636 589 741 806 300 641 684 692 603 443 251 290 192 472 566 492 390 582 740 492 580 140 666 397 380 195 824 292 246 280 393 381 701 ; 
774 252 410 565 420 236 691 921 441 655 458 405 339 597 633 252 788 576 717 398 393 405 334 293 280 617 688 524 701 651 671 752 126 284 162 512 387 558 257 184 403 562 850 611 265 428 305 207 203 840 349 313 781 614 0 335 539 311 488 514 456 663 682 322 499 299 399 111 534 577 174 380 259 666 270 579 541 721 455 309 271 841 322 551 413 463 411 378 500 465 688 453 581 225 81 125 469 110 743 407 728 612 793 209 855 613 628 779 687 273 ; 
558 85 82 437 167 125 548 671 122 490 361 210 274 721 565 343 625 697 436 280 324 511 4 397 447 348 353 253 429 349 656 585 414 603 453 276 77 243 176 495 220 321 570 278 292 618 69 214 424 599 273 236 576 347 335 0 705 635 301 185 348 413 842 175 700 112 597 226 301 266 499 96 459 427 536 618 412 462 571 393 467 634 525 684 609 298 148 108 165 297 644 555 590 149 273 448 518 261 488 333 628 545 492 529 633 279 500 655 357 355 ; 
735 639 733 506 861 586 574 901 731 589 456 878 856 94 430 362 657 94 821 904 435 199 701 833 810 737 964 696 793 823 357 642 419 656 395 970 782 789 747 410 564 1019 913 938 412 113 728 716 727 824 462 482 723 733 539 705 0 652 573 800 470 1116 143 547 79 750 142 557 647 964 589 796 781 1127 297 241 502 1166 145 849 792 765 216 68 128 956 845 653 833 547 410 167 294 561 606 583 242 633 789 928 521 423 920 620 800 895 524 586 1021 812 ; 
1074 556 715 850 680 546 974 1226 748 945 744 644 536 737 890 514 1073 723 1028 600 680 605 635 391 321 927 987 835 1011 962 898 1039 315 36 306 749 674 867 510 265 711 793 1161 902 549 545 591 453 264 1144 644 614 1079 925 311 635 652 0 792 819 746 889 772 631 583 572 518 422 843 850 137 660 280 884 364 785 829 947 634 413 285 1138 468 693 530 670 678 689 796 768 928 643 806 537 361 187 690 376 1051 577 992 871 1105 105 1155 914 910 1049 972 407 ; 
286 312 261 143 455 282 247 434 231 191 119 508 571 551 285 307 327 528 263 581 147 381 297 669 702 168 403 129 238 249 394 288 491 769 517 552 358 231 462 567 90 588 382 405 254 530 366 480 654 352 154 178 297 164 488 301 573 792 0 269 103 662 685 171 603 409 522 390 73 471 658 387 702 682 545 400 122 697 429 670 712 357 478 527 528 595 435 193 328 28 368 406 355 278 472 613 335 477 263 633 331 268 358 695 367 344 201 354 482 628 ; 
446 263 104 409 247 284 488 525 77 425 376 313 419 796 553 462 543 771 281 400 371 600 184 567 624 219 179 153 283 182 664 505 579 787 616 316 175 76 348 661 238 341 407 139 402 731 241 394 607 464 337 320 469 220 514 185 800 819 269 0 360 401 926 258 811 277 715 403 224 205 683 203 639 423 684 661 390 431 657 559 646 520 652 765 725 387 231 155 70 283 637 636 620 302 458 632 579 446 350 460 587 537 318 713 509 103 459 596 222 524 ; 
332 334 330 108 513 291 235 494 309 199 15 559 603 448 216 237 331 424 357 622 66 281 344 677 699 267 505 231 330 352 311 295 434 726 454 617 417 331 487 504 132 658 465 499 197 432 406 493 641 411 108 150 334 263 456 348 470 746 103 360 0 739 581 182 502 446 426 374 176 555 617 443 693 757 466 301 84 778 326 681 704 392 388 424 430 647 494 250 412 80 296 303 259 278 458 576 231 469 341 670 289 196 455 656 412 443 174 330 578 638 ; 
835 477 409 805 256 529 890 880 431 827 753 258 353 1135 946 753 941 1110 646 289 729 925 417 512 587 612 384 554 658 545 1050 905 777 852 817 151 335 467 406 847 607 101 743 300 705 1024 390 458 625 836 681 648 860 613 663 413 1116 889 662 401 739 0 1255 584 1106 375 1001 586 625 197 779 320 623 25 916 1027 784 58 985 491 622 906 926 1097 1014 219 271 490 335 670 1030 969 994 554 582 733 930 555 727 321 988 929 636 793 889 377 859 998 279 486 ; 
808 779 865 596 1001 726 641 967 860 668 566 1020 999 133 494 502 711 156 919 1047 556 330 838 975 950 842 1084 812 889 932 394 703 560 779 534 1110 920 909 890 544 687 1159 997 1065 549 254 868 860 866 896 589 614 792 838 682 842 143 772 685 926 581 1255 0 679 191 891 282 701 756 1098 722 934 919 1266 431 304 598 1304 271 991 931 825 359 160 268 1099 984 784 964 661 450 290 360 701 749 720 350 777 876 1072 568 492 1017 750 863 1018 601 629 1148 954 ; 
457 152 185 283 343 113 405 599 185 356 192 382 420 554 398 203 493 529 398 441 149 349 171 502 532 296 434 209 379 344 482 455 346 606 379 451 250 270 305 428 82 495 529 392 143 473 226 314 483 519 97 65 468 293 322 175 547 631 171 258 182 584 679 0 554 264 456 220 211 418 495 272 530 599 433 443 257 630 408 505 541 528 394 519 466 469 324 106 285 154 474 390 415 106 301 448 345 305 420 488 471 377 481 531 538 360 349 506 477 462 ; 
788 628 736 551 850 578 630 955 739 640 489 860 827 174 491 357 717 171 859 879 458 221 697 790 761 770 981 720 831 851 428 700 375 589 346 957 776 808 724 353 582 1007 957 947 412 81 716 688 677 876 477 491 778 766 499 700 79 583 603 811 502 1106 191 554 0 734 104 532 676 964 530 787 730 1115 240 308 544 1158 181 807 741 822 182 143 91 935 834 660 839 575 480 205 357 553 571 529 287 600 832 898 587 482 957 558 856 910 577 652 1031 772 ; 
671 119 185 541 122 171 656 782 228 600 457 128 162 779 662 389 735 755 544 176 412 567 116 291 347 459 424 365 538 452 745 696 404 538 444 224 106 345 71 478 325 274 676 332 349 653 43 122 337 711 357 315 688 458 299 112 750 572 409 277 446 375 891 264 734 0 629 211 413 281 443 88 364 382 541 695 516 430 627 284 370 746 553 738 642 211 112 219 234 403 739 614 673 194 222 393 589 200 599 225 731 642 593 467 746 356 606 762 400 248 ; 
732 524 637 489 745 474 583 899 642 584 414 756 724 219 455 256 676 205 783 775 375 152 594 692 668 690 888 633 756 767 417 654 277 519 252 853 673 717 619 269 491 902 889 849 313 29 611 584 584 818 386 395 724 686 399 597 142 518 522 715 426 1001 282 456 104 629 0 427 595 862 448 683 638 1011 157 294 479 1054 140 708 650 774 78 175 14 830 730 562 739 494 461 159 333 449 469 441 236 497 764 795 557 442 880 479 804 815 525 621 933 672 ; 
677 142 300 483 333 124 610 819 329 567 379 332 298 599 570 216 703 576 609 347 317 392 225 314 326 509 578 415 593 540 625 666 194 393 234 434 285 446 191 272 302 484 742 504 203 453 206 159 267 739 266 225 687 507 111 226 557 422 390 403 374 586 701 220 532 211 427 0 430 479 284 283 318 592 330 548 458 641 449 323 329 747 350 556 441 403 321 267 392 370 633 441 540 117 83 234 437 97 639 371 659 549 683 318 758 502 549 704 583 280 ; 
258 331 244 189 439 313 265 389 206 203 191 497 575 623 334 373 329 599 195 576 220 455 297 689 728 95 338 72 172 176 450 290 549 818 578 527 345 171 473 628 131 559 320 352 318 603 370 499 687 310 220 235 275 92 534 301 647 843 73 224 176 625 756 211 676 413 595 430 0 429 707 375 732 646 613 467 174 655 502 687 741 333 549 600 601 582 420 194 290 101 418 479 419 314 509 660 407 510 209 632 363 320 287 743 336 285 235 373 424 647 ; 
638 346 233 613 171 391 693 692 246 630 570 223 349 973 756 607 743 948 453 302 554 767 268 520 590 414 211 358 463 351 864 707 673 815 713 158 195 269 339 751 425 159 558 111 552 882 273 396 602 643 511 483 663 415 577 266 964 850 471 205 555 197 1098 418 964 281 862 479 429 0 723 196 617 221 801 851 593 226 826 505 620 710 791 938 874 256 171 315 143 482 840 808 814 415 503 673 760 481 532 358 792 739 454 746 694 185 664 801 135 482 ; 
942 420 579 724 557 409 849 1092 611 817 617 526 429 665 775 392 947 649 892 493 552 507 500 310 256 791 853 698 874 825 794 913 200 110 204 633 542 730 386 179 576 680 1024 770 421 476 459 329 177 1010 513 481 948 788 174 499 589 137 658 683 617 779 722 495 530 443 448 284 707 723 0 530 217 777 292 688 701 837 544 332 227 1007 385 620 461 563 552 551 662 634 820 549 702 399 226 51 586 244 916 481 875 755 967 38 1023 779 785 929 842 314 ; 
626 159 132 526 71 209 632 724 173 573 455 122 215 816 658 433 704 791 482 203 421 605 100 367 428 405 338 317 479 385 752 665 478 626 518 179 30 277 156 555 312 225 610 244 385 706 77 210 424 658 369 332 646 405 380 96 796 660 387 203 443 320 934 272 787 88 683 283 375 196 530 0 448 332 609 715 503 371 665 357 454 702 609 777 695 208 51 195 151 386 739 650 687 234 307 480 614 286 543 261 717 639 521 555 697 272 588 740 312 325 ; 
987 403 541 801 447 420 928 1119 582 884 697 397 275 847 884 510 1021 828 893 336 635 663 461 112 41 799 787 702 882 808 928 983 362 244 385 493 470 703 293 378 612 533 1027 690 514 667 397 246 56 1042 585 543 999 797 259 459 781 280 702 639 693 623 919 530 730 364 638 318 732 617 217 448 0 616 489 838 777 681 711 134 12 1059 566 801 652 404 450 546 599 685 943 710 839 424 234 202 728 225 936 304 976 863 952 209 1067 720 867 1022 749 138 ; 
859 488 426 825 265 540 911 906 450 848 771 261 349 1148 966 764 964 1124 671 284 745 937 430 504 579 635 410 575 682 570 1068 927 782 848 821 158 349 490 409 851 624 108 769 325 717 1034 399 460 620 861 697 662 884 637 666 427 1127 884 682 423 757 25 1266 599 1115 382 1011 592 646 221 777 332 616 0 922 1043 803 66 997 483 615 930 935 1110 1023 214 282 507 356 689 1049 982 1010 565 585 732 945 557 751 312 1008 948 662 790 913 402 879 1019 305 479 ; 
795 454 592 553 663 412 665 960 608 652 458 661 609 376 557 239 763 361 808 665 403 252 534 553 522 708 863 634 783 772 544 735 145 363 109 765 606 703 516 113 490 815 927 807 297 185 533 472 437 877 392 383 793 704 270 536 297 364 545 684 466 916 431 433 240 541 157 330 613 801 292 609 489 922 0 427 537 972 272 572 501 848 106 331 170 727 650 529 694 517 581 283 454 389 349 289 341 378 805 677 661 540 899 322 873 787 602 722 890 539 ; 
505 576 620 295 786 524 339 667 605 364 285 820 833 175 192 333 417 157 617 868 297 181 614 859 857 547 804 530 588 639 123 404 490 779 485 895 694 631 715 521 425 939 693 800 351 279 662 702 782 593 346 383 490 543 579 618 241 785 400 661 301 1027 304 443 308 695 294 548 467 851 688 715 838 1043 427 0 299 1070 157 870 850 527 320 174 288 906 767 537 709 380 171 143 56 502 620 665 111 642 572 905 280 189 715 725 564 744 296 345 880 828 ; 
258 409 381 25 572 370 151 424 353 117 84 622 676 464 163 316 247 442 321 691 149 328 408 758 782 247 513 244 291 340 275 211 515 809 533 672 475 345 562 583 192 709 412 524 280 481 475 572 725 341 192 233 256 243 541 412 502 829 122 390 84 784 598 257 544 516 479 458 174 593 701 503 777 803 537 299 0 819 363 761 787 312 452 447 482 710 552 308 450 116 247 339 248 359 542 660 260 552 287 741 215 147 420 740 336 459 91 249 598 718 ; 
854 529 450 839 309 580 918 889 469 855 793 315 411 1183 982 804 965 1158 660 347 772 973 465 569 644 634 390 584 675 562 1088 929 833 911 873 208 384 492 463 904 647 159 750 316 754 1076 443 516 684 849 726 694 880 636 721 462 1166 947 697 431 778 58 1304 630 1158 430 1054 641 655 226 837 371 681 66 972 1070 819 0 1033 549 680 924 979 1146 1066 277 323 532 368 707 1066 1017 1035 605 640 792 975 613 743 378 1019 965 642 852 904 394 890 1025 280 544 ; 
607 511 593 369 733 458 451 774 589 459 312 755 746 152 318 238 542 128 680 789 290 60 568 746 735 593 820 551 651 678 278 521 352 629 340 842 649 645 633 371 420 890 776 795 280 129 601 609 655 694 319 342 597 589 455 571 145 634 429 657 326 985 271 408 181 627 140 449 502 826 544 665 711 997 272 157 363 1033 0 760 723 643 165 112 136 837 715 512 692 402 321 24 193 434 510 527 105 535 651 819 418 306 778 580 676 751 396 482 879 720 ; 
946 358 470 787 340 391 910 1065 512 860 688 281 155 905 887 536 997 883 829 209 631 706 396 22 96 742 689 646 822 737 948 958 432 377 462 369 384 629 216 468 580 405 961 588 525 737 325 190 155 992 577 533 961 741 309 393 849 413 670 559 681 491 991 505 807 284 708 323 687 505 332 357 134 483 572 870 761 549 760 0 132 1021 632 860 723 275 347 493 509 658 955 755 863 402 250 303 758 227 881 171 971 866 877 333 1023 628 853 1010 639 43 ; 
997 412 548 812 451 430 939 1128 589 895 708 399 277 859 896 522 1031 839 901 336 646 675 469 111 36 808 792 711 891 816 940 994 374 250 397 495 476 710 299 389 622 534 1035 695 525 679 404 253 68 1051 596 554 1009 806 271 467 792 285 712 646 704 622 931 541 741 370 650 329 741 620 227 454 12 615 501 850 787 680 723 132 0 1069 578 813 664 404 454 554 605 695 955 722 851 434 245 213 740 235 945 303 987 875 959 217 1076 726 878 1033 753 139 ; 
75 663 570 294 760 638 191 144 529 196 396 822 907 702 335 629 116 685 265 905 459 622 630 1021 1058 301 542 384 249 361 434 123 826 1117 846 836 671 446 807 895 447 860 232 607 589 770 703 831 1012 97 493 527 60 300 841 634 765 1138 357 520 392 906 825 528 822 746 774 747 333 710 1007 702 1059 930 848 527 312 924 643 1021 1069 0 757 700 774 903 742 528 590 376 378 620 472 635 829 964 539 834 181 962 260 341 317 1045 41 530 249 208 652 979 ; 
709 450 569 466 670 401 571 876 577 563 378 679 645 282 455 190 667 264 741 697 331 146 523 616 594 645 827 581 715 717 438 641 203 465 183 777 600 659 541 208 437 826 854 783 250 105 536 506 511 793 333 335 705 641 322 525 216 468 478 652 388 926 359 394 182 553 78 350 549 791 385 609 566 935 106 320 452 979 165 632 578 757 0 236 92 753 655 497 672 449 475 176 348 377 391 372 237 419 730 717 559 439 836 418 785 754 509 621 867 595 ; 
674 624 705 449 845 570 510 838 699 529 408 867 854 45 365 349 591 30 768 899 395 172 680 845 828 688 925 653 739 776 289 577 438 694 419 955 762 749 742 442 527 1002 855 904 392 148 713 716 746 762 429 454 660 684 551 684 68 693 527 765 424 1097 160 519 143 738 175 556 600 938 620 777 801 1110 331 174 447 1146 112 860 813 700 236 0 163 948 828 623 803 502 343 129 228 546 612 609 192 638 731 927 454 359 867 653 736 858 463 519 987 821 ; 
733 537 647 491 758 486 583 901 652 585 418 769 737 206 453 267 675 193 788 788 381 154 606 706 682 696 897 640 760 774 411 654 292 532 267 865 685 725 633 282 499 915 893 859 324 15 624 598 598 820 394 404 726 692 413 609 128 530 528 725 430 1014 268 466 91 642 14 441 601 874 461 695 652 1023 170 288 482 1066 136 723 664 774 92 163 0 844 742 572 750 500 457 157 328 461 483 455 235 511 768 809 554 440 885 492 805 824 525 618 943 686 ; 
828 330 338 734 143 383 840 912 376 781 659 88 134 989 863 599 911 965 668 70 619 777 302 294 369 603 464 520 670 566 952 872 584 634 622 101 237 463 212 647 518 131 788 360 561 856 244 255 407 852 565 524 849 603 463 298 956 670 595 387 647 219 1099 469 935 211 830 403 582 256 563 208 404 214 727 906 710 277 837 275 404 903 753 948 844 0 162 402 320 594 943 825 882 406 381 520 800 353 737 108 925 844 690 576 895 420 796 948 390 267 ; 
666 206 176 576 19 258 679 756 214 619 507 81 195 867 709 482 749 842 513 169 473 655 152 359 426 442 342 358 513 413 803 710 516 643 556 127 77 307 167 591 363 174 638 241 435 753 119 224 431 693 421 384 687 443 411 148 845 678 435 231 494 271 984 324 834 112 730 321 420 171 552 51 450 282 650 767 552 323 715 347 454 742 655 828 742 162 0 245 169 436 790 700 739 283 334 503 666 311 579 229 766 690 544 574 735 283 637 788 299 319 ; 
453 143 82 331 264 142 440 574 80 382 264 315 381 657 464 307 516 632 348 388 239 454 104 496 539 253 333 156 336 274 562 477 428 660 464 367 167 181 278 511 118 407 482 287 248 579 176 307 505 499 195 170 469 251 378 108 653 689 193 155 250 490 784 106 660 219 562 267 194 315 551 195 546 507 529 537 308 532 512 493 554 528 497 623 572 402 245 0 180 191 546 494 503 154 335 501 445 330 390 441 522 445 417 585 530 258 393 547 371 453 ; 
516 250 103 470 183 283 555 592 104 493 428 250 362 836 613 483 612 812 348 338 414 634 166 519 580 289 191 220 351 246 721 574 578 764 616 246 128 145 305 660 284 271 470 113 426 758 206 356 571 533 374 350 539 290 500 165 833 796 328 70 412 335 964 285 839 234 739 392 290 143 662 151 599 356 694 709 450 368 692 509 605 590 672 803 750 320 169 180 0 339 697 673 671 305 436 611 622 420 419 398 652 596 375 691 579 121 523 664 196 477 ; 
