

nbDEMANDES = 50

nbPRODUITS = 10

nbMAGASINS = 10

nbNOEUDS = 60

S[m,p] = [
12 0 16 23 19 12 2 23 0 3 ; 
0 20 13 21 14 10 0 14 15 3 ; 
3 4 9 5 1 2 16 13 0 22 ; 
21 1 8 12 0 17 0 2 24 6 ; 
0 12 1 8 2 17 12 13 14 3 ; 
13 2 17 7 0 7 2 17 10 22 ; 
4 24 0 23 7 0 6 4 12 21 ; 
1 20 22 3 8 1 0 19 1 11 ; 
12 19 1 0 16 12 20 21 0 19 ; 
5 2 12 12 18 20 0 21 0 19 
]

R[i,j] = [
0 421 434 594 752 300 771 64 223 331 171 523 330 157 414 158 219 557 66 143 592 476 159 578 394 538 433 303 361 358 755 578 106 649 613 415 782 480 302 425 415 369 462 234 512 571 426 477 366 629 624 168 635 259 357 470 580 475 148 394 ; 
421 0 778 559 548 226 581 357 623 704 471 646 675 375 683 443 455 914 487 428 278 827 424 690 665 597 68 294 60 671 606 907 459 571 194 789 670 366 274 258 22 173 641 546 356 852 712 131 770 979 283 583 225 509 85 359 162 437 523 539 ; 
434 778 0 582 836 568 838 485 454 549 565 377 597 403 157 338 325 136 396 353 1005 50 355 410 160 458 758 515 720 113 786 144 503 652 942 80 768 610 531 636 764 785 293 586 656 178 123 772 184 201 1031 305 1003 276 743 604 938 542 286 339 ; 
594 559 582 0 265 379 260 578 792 909 758 220 921 437 425 454 396 690 629 461 835 624 443 221 422 129 496 325 533 484 204 634 699 70 609 646 197 193 339 301 537 691 292 828 214 525 460 456 706 724 834 642 723 391 595 200 656 132 542 255 ; 
752 548 836 265 0 466 35 715 970 1082 893 485 1081 602 681 642 597 951 801 644 792 881 627 484 676 393 480 448 552 731 98 898 846 201 508 894 179 271 451 341 529 715 553 970 240 790 717 418 942 988 776 841 633 610 615 282 579 304 743 498 ; 
300 226 568 379 466 0 491 254 524 629 427 425 620 185 461 250 243 704 360 240 495 618 230 473 444 387 191 68 178 457 489 689 384 412 374 591 534 208 49 127 207 318 415 504 227 628 492 205 591 766 506 431 444 293 229 198 376 247 348 313 ; 
771 581 838 260 35 491 0 737 988 1101 916 479 1101 620 682 657 609 950 819 659 826 882 642 475 678 389 512 469 582 735 72 895 867 192 543 898 150 291 473 367 561 746 551 992 263 785 718 451 949 984 811 856 668 619 646 301 614 314 757 502 ; 
64 357 485 578 715 254 737 0 276 376 181 531 366 149 448 176 230 612 130 159 531 528 170 586 428 535 371 269 298 400 726 628 130 628 550 472 759 447 264 381 352 308 479 255 475 610 464 418 429 683 562 232 570 280 293 436 516 453 199 400 ; 
223 623 454 792 970 524 988 276 0 118 181 678 147 367 508 338 395 538 168 332 740 477 349 731 492 715 646 524 567 431 966 589 165 852 818 397 986 698 525 649 621 530 602 154 732 625 504 695 302 609 779 168 821 413 549 688 775 683 256 561 ; 
331 704 549 909 1082 629 1101 376 118 0 235 795 64 481 619 455 513 617 282 448 784 565 466 847 603 833 734 635 652 539 1081 676 250 969 898 484 1102 811 634 756 705 589 717 169 843 725 611 788 380 684 827 283 888 531 625 800 847 799 374 679 ; 
171 471 565 758 893 427 916 181 181 235 0 694 204 323 574 329 390 673 175 315 559 599 330 750 554 709 505 449 421 509 907 709 67 809 663 527 940 626 443 554 473 355 632 78 652 719 581 562 451 746 600 262 653 429 390 616 612 634 298 565 ; 
523 646 377 220 485 425 479 531 678 795 694 0 820 383 222 365 304 475 534 379 919 415 364 55 226 91 596 356 603 295 420 415 628 287 749 449 392 331 375 411 625 736 86 752 372 305 254 577 526 505 929 512 846 268 654 331 777 243 422 130 ; 
330 675 597 921 1081 620 1101 366 147 64 204 820 0 486 656 469 529 672 292 460 736 617 478 874 639 852 710 632 625 578 1086 728 236 978 866 536 1111 810 630 748 678 549 746 129 840 771 651 766 435 741 779 315 848 553 593 800 812 805 398 700 ; 
157 375 403 437 602 185 620 149 367 481 323 383 486 0 328 67 93 538 199 55 607 452 48 438 308 387 362 161 316 300 600 537 262 492 549 415 625 331 167 294 362 393 336 391 367 497 351 388 406 605 630 250 601 149 340 321 537 318 162 252 ; 
414 683 157 425 681 461 682 448 508 619 574 222 656 328 0 275 236 272 399 293 933 200 286 260 20 301 652 399 629 81 629 235 506 495 830 227 611 467 417 507 666 722 137 614 513 170 36 656 307 320 953 341 905 179 663 462 837 392 276 189 ; 
158 443 338 454 642 250 657 176 338 455 329 365 469 67 275 0 61 472 176 17 669 386 19 420 254 385 429 217 383 237 630 473 263 514 616 347 647 373 226 351 430 452 305 388 413 441 294 454 341 539 693 199 668 104 405 364 605 346 103 237 ; 
219 455 325 396 597 243 609 230 395 513 390 304 529 93 236 61 0 461 237 75 697 375 61 359 216 323 433 196 398 215 579 451 324 459 617 348 592 333 209 326 440 486 248 450 375 405 261 448 361 524 718 247 680 56 428 324 614 296 148 175 ; 
557 914 136 690 951 704 950 612 538 617 673 475 672 538 272 472 461 0 512 487 1137 86 490 496 281 563 894 650 855 248 894 82 614 760 1078 145 867 738 666 769 900 916 398 683 784 196 235 907 237 72 1164 411 1139 411 877 733 1074 665 412 461 ; 
66 487 396 629 801 360 819 130 168 282 175 534 292 199 399 176 237 512 0 167 652 433 185 589 380 561 499 356 428 334 799 540 108 687 680 367 820 529 357 482 482 430 466 218 564 545 406 542 308 584 686 107 701 266 423 519 647 516 123 410 ; 
143 428 353 461 644 240 659 159 332 448 315 379 460 55 293 17 75 487 167 0 653 401 17 435 272 396 417 212 369 255 635 490 250 520 604 360 654 374 220 346 416 435 321 376 412 459 312 443 350 555 677 200 654 121 389 364 591 351 108 250 ; 
592 278 1005 835 792 495 826 531 740 784 559 919 736 607 933 669 697 1137 652 653 0 1052 653 966 914 875 339 564 316 907 862 1143 582 843 300 1001 933 642 544 534 299 222 907 615 628 1103 958 386 959 1206 46 759 191 753 271 635 219 715 727 807 ; 
476 827 50 624 881 618 882 528 477 565 599 415 617 452 200 386 375 86 433 401 1052 0 404 444 205 499 808 565 768 163 829 112 538 694 992 81 807 659 581 686 813 831 333 615 705 179 164 822 188 154 1078 337 1053 326 791 653 988 589 329 385 ; 
159 424 355 443 627 230 642 170 349 466 330 364 478 48 286 19 61 490 185 17 653 404 0 420 266 379 410 198 365 253 617 490 266 503 597 366 636 357 206 332 411 437 308 392 396 454 308 434 361 557 677 216 649 111 388 347 586 333 122 234 ; 
578 690 410 221 484 473 475 586 731 847 750 55 874 438 260 420 359 496 589 435 966 444 420 0 267 104 638 404 650 338 410 431 684 283 785 485 373 361 424 449 669 786 132 807 398 315 289 615 568 520 974 565 886 323 702 362 817 273 476 186 ; 
394 665 160 422 676 444 678 428 492 603 554 226 639 308 20 254 216 281 380 272 914 205 266 267 0 301 635 382 610 70 627 249 486 493 814 225 611 456 400 493 649 702 140 595 502 189 48 640 300 332 934 323 887 160 644 451 820 384 256 180 ; 
538 597 458 129 393 387 389 535 715 833 709 91 852 387 301 385 323 563 561 396 875 499 379 104 301 0 542 322 561 367 331 505 645 197 683 527 309 257 340 349 576 705 165 772 294 396 336 515 595 595 880 555 786 302 616 259 718 170 459 155 ; 
433 68 758 496 480 191 512 371 646 734 505 596 710 362 652 429 433 894 499 417 339 808 410 638 635 542 0 254 87 647 537 881 485 505 186 776 602 302 236 196 48 237 598 583 289 819 683 65 766 957 339 588 254 484 141 296 185 377 519 497 ; 
303 294 515 325 448 68 469 269 524 635 449 356 632 161 399 217 196 650 356 212 564 565 198 404 382 322 254 0 247 402 457 631 399 366 431 544 494 178 19 134 275 383 346 524 208 564 431 258 554 709 575 411 509 239 297 167 440 194 320 245 ; 
361 60 720 533 552 178 582 298 567 652 421 603 625 316 629 383 398 855 428 369 316 768 365 650 610 561 87 247 0 613 601 850 405 553 251 730 660 344 228 236 54 164 592 497 341 798 657 150 709 921 328 523 285 452 64 335 223 407 463 492 ; 
358 671 113 484 731 457 735 400 431 539 509 295 578 300 81 237 215 248 334 255 907 163 253 338 70 367 647 402 613 0 687 236 442 554 831 163 675 498 418 522 656 690 209 543 544 212 73 659 230 309 930 265 896 164 641 492 830 433 212 233 ; 
755 606 786 204 98 489 72 726 966 1081 907 420 1086 600 629 630 579 894 799 635 862 829 617 410 627 331 537 457 601 687 0 836 855 134 590 850 81 281 464 373 585 765 496 981 264 723 665 480 907 925 850 826 714 583 665 292 656 283 727 456 ; 
578 907 144 634 898 689 895 628 589 676 709 415 728 537 235 473 451 82 540 490 1143 112 490 431 249 505 881 631 850 236 836 0 647 703 1062 192 804 700 648 742 891 925 346 727 746 119 200 889 296 89 1167 447 1131 398 877 696 1064 622 430 421 ; 
106 459 503 699 846 384 867 130 165 250 67 628 236 262 506 263 324 614 108 250 582 538 266 684 486 645 485 399 405 442 855 647 0 753 654 469 885 577 395 512 459 367 565 128 605 654 514 538 399 687 619 203 656 362 383 566 609 578 231 500 ; 
649 571 652 70 201 412 192 628 852 969 809 287 978 492 495 514 459 760 687 520 843 694 503 283 493 197 505 366 553 554 134 703 753 0 598 717 133 209 377 316 549 714 362 881 215 592 530 458 776 792 838 706 717 457 616 218 653 175 606 324 ; 
613 194 942 609 508 374 543 550 818 898 663 749 866 549 830 616 617 1078 680 604 300 992 597 785 814 683 186 431 251 831 590 1062 654 598 0 962 666 426 414 338 197 333 764 737 396 994 863 175 952 1140 275 772 125 667 273 423 82 512 705 664 ; 
415 789 80 646 894 591 898 472 397 484 527 449 536 415 227 347 348 145 367 360 1001 81 366 485 225 527 776 544 730 163 850 192 469 717 962 0 836 657 558 671 777 779 363 539 703 253 196 796 107 218 1030 265 1015 307 746 650 952 595 274 396 ; 
782 670 768 197 179 534 150 759 986 1102 940 392 1111 625 611 647 592 867 820 654 933 807 636 373 611 309 602 494 660 675 81 804 885 133 666 836 0 326 504 427 649 824 474 1013 319 688 644 548 901 893 923 838 790 588 724 336 730 306 739 451 ; 
480 366 610 193 271 208 291 447 698 811 626 331 810 331 467 373 333 738 529 374 642 659 357 361 456 257 302 178 344 498 281 700 577 209 426 657 326 0 183 108 344 505 365 702 45 610 503 264 690 787 641 573 534 356 406 10 466 88 476 279 ; 
302 274 531 339 451 49 473 264 525 634 443 375 630 167 417 226 209 666 357 220 544 581 206 424 400 340 236 19 228 418 464 648 395 377 414 558 504 183 0 127 255 365 366 519 210 583 449 241 565 726 556 417 490 254 278 172 421 207 328 265 ; 
425 258 636 301 341 127 367 381 649 756 554 411 748 294 507 351 326 769 482 346 534 686 332 449 493 349 196 134 236 522 373 742 512 316 338 671 427 108 127 0 236 398 427 632 108 664 542 166 687 825 535 544 437 364 299 101 368 182 454 330 ; 
415 22 764 537 529 207 561 352 621 705 473 625 678 362 666 430 440 900 482 416 299 813 411 669 649 576 48 275 54 656 585 891 459 549 197 777 649 344 255 236 0 189 621 549 334 835 696 113 760 964 304 576 239 493 95 337 174 415 513 520 ; 
369 173 785 691 715 318 746 308 530 589 355 736 549 393 722 452 486 916 430 435 222 831 437 786 702 705 237 383 164 690 765 925 367 714 333 779 824 505 365 398 189 0 711 421 505 891 745 303 736 986 255 537 299 542 100 496 267 561 505 614 ; 
462 641 293 292 553 415 551 479 602 717 632 86 746 336 137 305 248 398 466 321 907 333 308 132 140 165 598 346 592 209 496 346 565 362 764 363 474 365 366 427 621 711 0 685 409 245 170 589 439 435 921 434 852 203 637 362 783 281 349 101 ; 
234 546 586 828 970 504 992 255 154 169 78 752 129 391 614 388 450 683 218 376 615 615 392 807 595 772 583 524 497 543 981 727 128 881 737 539 1013 702 519 632 549 421 685 0 729 750 617 640 451 755 657 283 720 483 464 691 683 706 340 625 ; 
512 356 656 214 240 227 263 475 732 843 652 372 840 367 513 413 375 784 564 412 628 705 396 398 502 294 289 208 341 544 264 746 605 215 396 703 319 45 210 108 334 505 409 729 0 655 549 244 734 833 624 612 509 400 405 52 442 129 516 325 ; 
571 852 178 525 790 628 785 610 625 725 719 305 771 497 170 441 405 196 545 459 1103 179 454 315 189 396 819 564 798 212 723 119 654 592 994 253 688 610 583 664 835 891 245 750 655 0 146 819 360 205 1123 467 1072 349 833 607 1004 527 424 334 ; 
426 712 123 460 717 492 718 464 504 611 581 254 651 351 36 294 261 235 406 312 958 164 308 289 48 336 683 431 657 73 665 200 514 530 863 196 644 503 449 542 696 745 170 617 549 146 0 689 284 284 979 338 935 205 689 498 868 429 283 225 ; 
477 131 772 456 418 205 451 418 695 788 562 577 766 388 656 454 448 907 542 443 386 822 434 615 640 515 65 258 150 659 480 889 538 458 175 796 548 264 241 166 113 303 589 640 244 819 689 0 794 967 380 625 271 495 207 260 202 346 549 489 ; 
366 770 184 706 942 591 949 429 302 380 451 526 435 406 307 341 361 237 308 350 959 188 361 568 300 595 766 554 709 230 907 296 399 776 952 107 901 690 565 687 760 736 439 451 734 360 284 794 0 306 991 200 992 334 717 682 933 638 247 451 ; 
629 979 201 724 988 766 984 683 609 684 746 505 741 605 320 539 524 72 584 555 1206 154 557 520 332 595 957 709 921 309 925 89 687 792 1140 218 893 787 726 825 964 986 435 755 833 205 284 967 306 0 1232 484 1204 473 945 782 1138 710 483 508 ; 
624 283 1031 834 776 506 811 562 779 827 600 929 779 630 953 693 718 1164 686 677 46 1078 677 974 934 880 339 575 328 930 850 1167 619 838 275 1030 923 641 556 535 304 255 921 657 624 1123 979 380 991 1232 0 792 158 774 290 635 197 717 756 820 ; 
168 583 305 642 841 431 856 232 168 283 262 512 315 250 341 199 247 411 107 200 759 337 216 565 323 555 588 411 523 265 826 447 203 706 772 265 838 573 417 544 576 537 434 283 612 467 338 625 200 484 792 0 801 253 524 563 745 543 99 400 ; 
635 225 1003 723 633 444 668 570 821 888 653 846 848 601 905 668 680 1139 701 654 191 1053 649 886 887 786 254 509 285 896 714 1131 656 717 125 1015 790 534 490 437 239 299 852 720 509 1072 935 271 992 1204 158 801 0 733 277 530 69 617 747 751 ; 
259 509 276 391 610 293 619 280 413 531 429 268 553 149 179 104 56 411 266 121 753 326 111 323 160 302 484 239 452 164 583 398 362 457 667 307 588 356 254 364 493 542 203 483 400 349 205 495 334 473 774 253 733 0 484 348 666 305 157 147 ; 
357 85 743 595 615 229 646 293 549 625 390 654 593 340 663 405 428 877 423 389 271 791 388 702 644 616 141 297 64 641 665 877 383 616 273 746 724 406 278 299 95 100 637 464 405 833 689 207 717 945 290 524 277 484 0 398 226 466 474 538 ; 
470 359 604 200 282 198 301 436 688 800 616 331 800 321 462 364 324 733 519 364 635 653 347 362 451 259 296 167 335 492 292 696 566 218 423 650 336 10 172 101 337 496 362 691 52 607 498 260 682 782 635 563 530 348 398 0 462 89 466 275 ; 
580 162 938 656 579 376 614 516 775 847 612 777 812 537 837 605 614 1074 647 591 219 988 586 817 820 718 185 440 223 830 656 1064 609 653 82 952 730 466 421 368 174 267 783 683 442 1004 868 202 933 1138 197 745 69 666 226 462 0 549 686 682 ; 
475 437 542 132 304 247 314 453 683 799 634 243 805 318 392 346 296 665 516 351 715 589 333 273 384 170 377 194 407 433 283 622 578 175 512 595 306 88 207 182 415 561 281 706 129 527 429 346 638 710 717 543 617 305 466 89 549 0 444 203 ; 
148 523 286 542 743 348 757 199 256 374 298 422 398 162 276 103 148 412 123 108 727 329 122 476 256 459 519 320 463 212 727 430 231 606 705 274 739 476 328 454 513 505 349 340 516 424 283 549 247 483 756 99 747 157 474 466 686 444 0 305 ; 
394 539 339 255 498 313 502 400 561 679 565 130 700 252 189 237 175 461 410 250 807 385 234 186 180 155 497 245 492 233 456 421 500 324 664 396 451 279 265 330 520 614 101 625 325 334 225 489 451 508 820 400 751 147 538 275 682 203 305 0 
]

Q[d,p] = [
0 1 3 3 4 0 3 0 0 0 ; 
2 0 0 0 0 0 0 3 0 0 ; 
0 1 4 0 3 0 0 3 0 0 ; 
0 0 2 0 3 0 0 0 3 0 ; 
0 1 1 0 0 0 0 1 0 1 ; 
1 0 0 0 1 0 0 2 0 2 ; 
0 0 1 1 0 0 0 0 0 0 ; 
0 0 2 3 0 0 1 3 1 0 ; 
3 0 0 4 4 0 0 4 2 0 ; 
1 0 3 0 2 0 0 0 4 0 ; 
2 1 0 0 2 0 0 0 0 1 ; 
4 3 0 2 1 0 0 0 2 4 ; 
1 0 0 1 0 0 0 0 0 0 ; 
0 0 0 1 1 0 2 0 0 0 ; 
2 2 0 0 0 0 0 0 0 1 ; 
0 0 0 3 2 0 3 2 1 3 ; 
0 2 4 0 2 0 0 2 1 1 ; 
1 0 0 0 0 3 0 0 0 0 ; 
0 0 0 4 0 3 3 0 0 1 ; 
0 4 0 0 0 2 0 0 3 2 ; 
1 0 0 0 0 1 0 1 3 0 ; 
0 1 0 0 0 4 4 0 0 4 ; 
0 0 1 0 0 2 3 0 1 0 ; 
0 1 0 4 4 0 0 1 0 0 ; 
0 0 0 2 2 0 0 2 0 0 ; 
0 0 4 0 1 0 0 0 0 3 ; 
4 1 0 0 0 0 4 0 0 0 ; 
0 1 1 0 1 2 0 0 0 0 ; 
0 0 2 0 0 0 1 0 4 0 ; 
0 0 0 0 0 0 0 0 0 1 ; 
1 2 0 3 0 3 0 0 0 3 ; 
0 3 3 3 0 0 4 1 0 0 ; 
3 3 0 2 3 0 1 0 0 2 ; 
0 3 3 4 0 3 1 0 0 0 ; 
1 3 0 0 0 0 4 3 0 0 ; 
1 0 4 2 3 0 2 1 4 0 ; 
4 3 0 0 2 0 3 0 0 1 ; 
2 3 3 2 0 0 0 0 2 1 ; 
2 3 0 0 0 1 4 2 0 0 ; 
0 0 0 0 0 0 0 2 1 2 ; 
1 0 0 0 0 0 0 3 3 1 ; 
1 0 0 3 1 3 2 3 0 0 ; 
0 0 0 0 0 2 1 1 0 0 ; 
2 0 0 3 0 0 4 4 0 0 ; 
1 1 2 2 2 0 0 2 0 0 ; 
0 4 1 0 1 1 0 0 4 2 ; 
3 3 1 0 4 0 1 0 0 0 ; 
3 1 1 1 0 0 2 0 1 0 ; 
0 0 3 0 0 4 0 1 0 0 ; 
0 0 2 4 3 1 3 0 4 0 
]
