

nbDEMANDES = 50

nbPRODUITS = 10

nbMAGASINS = 10

nbNOEUDS = 60

S[m,p] = [
10 23 0 12 3 0 15 18 16 0 ; 
9 14 6 0 12 4 19 18 0 0 ; 
21 23 15 24 3 0 2 22 11 3 ; 
2 13 13 24 0 14 12 0 0 3 ; 
19 0 17 13 24 22 19 2 9 24 ; 
3 0 0 0 15 12 23 18 0 15 ; 
22 11 0 16 14 4 21 5 9 14 ; 
13 0 2 24 14 14 11 22 4 20 ; 
0 5 0 5 7 14 0 1 0 0 ; 
11 3 0 22 6 7 10 5 4 13 
]

R[i,j] = [
0 661 609 626 213 447 506 523 122 627 736 744 513 346 453 591 511 238 170 331 298 842 136 225 354 261 475 537 420 861 775 726 814 791 395 825 807 529 582 501 702 594 203 405 782 308 826 626 271 97 667 236 600 555 914 623 481 779 905 771 ; 
661 0 398 499 834 454 490 190 651 596 413 95 403 962 588 135 259 646 531 336 662 181 530 438 541 883 487 130 516 287 186 211 502 682 579 255 363 599 462 294 75 165 461 720 698 903 489 667 529 579 612 526 547 113 720 622 199 782 251 754 ; 
609 398 0 808 690 687 149 476 528 884 129 398 678 787 270 477 178 453 578 357 431 514 486 430 296 728 730 396 232 359 584 604 205 291 764 335 232 240 76 155 473 233 485 430 304 719 216 279 351 513 214 379 835 328 363 902 433 384 594 356 ; 
626 499 808 0 839 180 825 338 704 104 874 582 137 969 867 366 630 777 460 501 826 590 568 516 773 885 151 423 795 784 429 349 970 1096 264 754 853 917 844 656 461 605 481 927 1103 935 963 1012 705 610 994 676 66 498 1168 135 375 1159 597 1137 ; 
213 834 690 839 0 660 556 719 183 836 819 908 726 134 462 782 640 237 383 499 274 1016 312 402 396 50 688 718 464 995 967 924 880 798 600 961 912 535 641 620 885 738 399 345 782 98 898 614 343 261 680 326 810 723 931 830 671 749 1084 749 ; 
447 454 687 180 660 0 679 265 525 210 771 549 81 792 708 323 512 600 280 349 651 592 390 345 609 708 43 343 638 738 456 382 868 964 136 704 774 763 711 532 444 514 305 754 968 756 865 862 536 430 854 505 168 413 1050 221 277 1013 623 994 ; 
506 490 149 825 556 679 0 516 409 887 270 512 688 645 121 536 232 319 512 330 288 632 400 369 161 591 723 450 92 505 675 679 324 296 732 478 381 109 85 197 565 327 425 281 295 576 342 189 235 415 177 270 841 396 410 901 465 334 713 314 ; 
523 190 476 338 719 265 516 0 543 426 535 285 222 852 584 70 300 570 371 241 602 346 406 318 508 769 300 85 508 473 251 206 631 767 389 438 519 618 520 330 195 266 321 683 777 799 624 705 466 457 673 450 376 159 832 449 55 843 394 818 ; 
122 651 528 704 183 525 409 543 0 719 657 724 580 312 340 604 460 115 248 316 176 832 142 225 249 232 558 537 318 815 788 750 727 681 496 781 741 417 489 442 703 556 233 283 671 256 742 511 176 95 558 150 687 539 808 719 494 661 901 654 ; 
627 596 884 104 836 210 887 426 719 0 957 682 206 961 918 462 706 804 471 557 857 693 591 554 819 880 168 511 848 883 533 453 1054 1166 236 851 944 972 913 730 562 691 511 961 1172 934 1048 1071 745 627 1060 713 49 585 1246 31 456 1221 701 1201 ; 
736 413 129 874 819 771 270 535 657 957 0 382 751 914 387 519 264 581 693 464 557 484 610 547 424 857 813 450 358 279 588 624 96 287 861 266 124 343 186 254 483 269 600 548 309 846 95 351 481 639 264 507 908 376 307 979 501 411 561 380 ; 
744 95 398 582 908 549 512 285 724 682 382 0 494 1033 621 226 296 708 621 414 717 120 610 519 588 956 580 223 554 202 211 263 462 665 675 175 307 620 469 328 124 189 547 764 684 971 445 676 589 658 611 591 634 188 685 710 294 776 200 747 ; 
513 403 678 137 726 81 688 222 580 206 751 494 0 859 730 268 500 646 343 364 693 527 441 382 636 774 92 306 657 690 383 306 847 963 214 657 741 779 710 524 383 486 351 792 969 820 842 875 570 485 858 542 157 380 1040 228 249 1023 551 1001 ; 
346 962 787 969 134 792 645 852 312 961 914 1033 859 0 538 915 757 338 516 628 356 1143 446 535 491 85 818 849 555 1109 1100 1058 967 856 725 1075 1015 605 731 734 1015 858 533 395 837 68 987 670 454 394 746 444 938 850 991 954 804 788 1213 793 ; 
453 588 270 867 462 708 121 584 340 918 387 621 730 538 0 616 329 232 499 366 188 742 373 370 105 492 750 529 75 625 769 765 430 342 738 598 501 76 201 295 661 433 422 160 330 469 451 174 192 372 220 230 874 485 471 928 530 329 822 318 ; 
591 135 477 366 782 323 536 70 604 462 519 226 268 915 616 0 309 623 441 294 651 277 470 380 548 832 353 86 540 423 184 152 613 768 452 390 487 642 529 342 126 251 388 726 781 861 603 724 514 521 683 502 413 148 823 488 110 854 323 828 ; 
511 259 178 630 640 512 232 300 460 706 264 296 500 757 329 309 0 422 439 204 424 415 376 299 293 685 554 224 259 355 443 448 359 467 597 320 302 341 220 35 333 107 347 467 477 692 359 416 303 415 374 314 657 164 540 725 255 545 494 520 ; 
238 646 453 777 237 600 319 570 115 804 581 708 646 338 232 623 422 0 338 329 60 822 212 266 158 275 638 546 226 771 802 774 642 574 591 738 678 309 403 397 707 526 295 170 562 271 660 399 119 183 453 121 767 532 704 807 516 547 896 541 ; 
170 531 578 460 383 280 512 371 248 471 693 621 343 516 499 441 439 338 0 235 395 707 130 147 393 431 311 401 443 765 622 566 781 809 252 728 741 568 571 440 561 499 93 504 806 477 788 670 307 157 688 270 438 436 919 471 337 826 763 812 ; 
331 336 357 501 499 349 330 241 316 557 464 414 364 628 366 294 204 329 235 0 360 517 196 106 276 548 392 221 293 536 475 444 555 619 409 499 506 416 367 209 386 268 145 445 621 571 559 513 225 244 506 209 512 226 714 570 187 664 585 644 ; 
298 662 431 826 274 651 288 602 176 857 557 717 693 356 188 651 424 60 395 360 0 834 267 310 137 305 690 571 199 764 825 803 611 526 648 733 660 262 374 396 726 531 346 109 512 288 630 346 136 242 407 154 819 549 658 861 547 490 910 486 ; 
842 181 514 590 1016 592 632 346 832 693 484 120 527 1143 742 277 415 822 707 517 834 0 711 619 707 1064 618 307 674 250 166 242 556 771 725 238 391 740 587 448 151 309 641 883 791 1082 535 793 704 761 725 704 649 293 779 723 371 887 80 858 ; 
136 530 486 568 312 390 400 406 142 591 610 610 441 446 373 470 376 212 130 196 267 711 0 91 267 363 426 408 323 725 654 612 692 694 381 689 675 444 468 368 575 458 91 375 689 395 702 546 180 51 571 142 555 421 810 594 359 702 776 689 ; 
225 438 430 516 402 345 369 318 225 554 547 519 382 535 370 380 299 266 147 106 310 619 91 0 267 452 385 317 307 640 564 525 635 666 368 604 601 434 425 297 483 372 55 410 664 481 642 536 191 142 546 160 513 330 773 561 269 691 684 675 ; 
354 541 296 773 396 609 161 508 249 819 424 588 636 491 105 548 293 158 393 276 137 707 267 267 0 433 650 463 69 627 713 699 485 436 634 596 524 177 245 263 609 400 318 179 427 423 502 278 87 269 312 125 776 431 560 828 453 434 785 422 ; 
261 883 728 885 50 708 591 769 232 880 857 956 774 85 492 832 685 275 431 548 305 1064 363 452 433 0 734 768 500 1040 1017 975 916 822 644 1006 953 563 677 665 935 785 449 364 806 65 934 638 386 311 707 371 855 771 957 873 721 766 1133 769 ; 
475 487 730 151 688 43 723 300 558 168 813 580 92 818 750 353 554 638 311 392 690 618 426 385 650 734 0 380 680 773 475 398 909 1007 127 739 813 806 754 575 472 554 344 794 1011 784 906 905 576 464 897 544 129 451 1093 178 316 1056 643 1037 ; 
537 130 396 423 718 343 450 85 537 511 450 223 306 849 529 86 224 546 401 221 571 307 408 317 463 768 380 0 454 397 255 236 546 688 460 362 434 556 445 257 166 181 334 642 699 792 539 638 434 459 599 425 461 74 749 534 71 770 368 744 ; 
420 516 232 795 464 638 92 508 318 848 358 554 657 555 75 540 259 226 443 293 199 674 323 307 69 500 680 454 0 574 696 690 416 372 675 545 462 126 177 226 588 365 361 211 366 487 434 228 148 331 249 185 803 412 494 859 454 384 754 369 ; 
861 287 359 784 995 738 505 473 815 883 279 202 690 1109 625 423 355 771 765 536 764 250 725 640 627 1040 773 397 574 0 400 462 327 560 858 36 162 599 435 374 326 268 680 783 584 1042 303 626 654 768 543 668 835 337 545 910 468 689 313 659 ; 
775 186 584 429 967 456 675 251 788 533 588 211 383 1100 769 184 443 802 622 475 825 166 654 564 713 1017 475 255 696 400 0 80 672 864 592 379 518 784 648 478 110 352 572 892 881 1044 655 853 689 706 798 680 491 283 894 564 295 968 169 940 ; 
726 211 604 349 924 382 679 206 750 453 624 263 306 1058 765 152 448 774 566 444 803 242 612 525 699 975 398 236 690 462 80 0 713 891 518 438 567 787 663 482 143 370 526 878 906 1006 698 864 666 663 816 653 411 283 931 484 258 987 249 960 ; 
814 502 205 970 880 868 324 631 727 1054 96 462 847 967 430 613 359 642 781 555 611 556 692 635 485 916 909 546 416 327 672 713 0 238 956 324 167 372 239 346 571 365 688 586 265 898 28 353 551 718 260 580 1005 472 223 1076 598 374 629 344 ; 
791 682 291 1096 798 964 296 767 681 1166 287 665 963 856 342 768 467 574 809 619 526 771 694 666 436 822 1007 688 372 560 864 891 238 0 1026 552 398 265 253 439 756 521 722 461 28 790 266 186 521 703 123 558 1119 619 135 1183 722 137 848 108 ; 
395 579 764 264 600 136 732 389 496 236 861 675 214 725 738 452 597 591 252 409 648 725 381 368 634 644 127 460 675 858 592 518 956 1026 0 822 878 802 776 611 576 618 316 756 1027 699 957 904 552 408 909 516 218 524 1123 229 390 1059 758 1042 ; 
825 255 335 754 961 704 478 438 781 851 266 175 657 1075 598 390 320 738 728 499 733 238 689 604 596 1006 739 362 545 36 379 438 324 552 822 0 157 576 412 341 299 231 643 755 575 1009 301 607 621 732 526 634 803 301 546 878 432 678 306 647 ; 
807 363 232 853 912 774 381 519 741 944 124 307 741 1015 501 487 302 678 741 506 660 391 675 601 524 953 813 434 462 162 518 567 167 398 878 157 0 463 301 307 423 260 649 662 423 947 144 475 569 710 388 590 895 362 389 969 497 529 463 498 ; 
529 599 240 917 535 763 109 618 417 972 343 620 779 605 76 642 341 309 568 416 262 740 444 434 177 563 806 556 126 599 784 787 372 265 802 576 463 0 164 306 674 436 487 214 253 537 395 102 265 446 145 303 928 504 396 984 566 258 820 245 ; 
582 462 76 844 641 711 85 520 489 913 186 469 710 731 201 529 220 403 571 367 374 587 468 425 245 677 754 445 177 435 648 663 239 253 776 412 301 164 0 190 538 296 480 362 259 662 257 207 314 487 154 346 866 382 348 930 473 324 668 299 ; 
501 294 155 656 620 532 197 330 442 730 254 328 524 734 295 342 35 397 440 209 396 448 368 297 263 665 575 257 226 374 478 482 346 439 611 341 307 306 190 0 368 139 347 435 448 668 349 382 280 404 343 294 681 198 518 748 283 513 527 488 ; 
702 75 473 461 885 444 565 195 703 562 483 124 383 1015 661 126 333 707 561 386 726 151 575 483 609 935 472 166 588 326 110 143 571 756 576 299 423 674 538 368 0 241 500 788 772 958 555 743 591 626 688 586 516 178 791 591 224 857 202 829 ; 
594 165 233 605 738 514 327 266 556 691 269 189 486 858 433 251 107 526 499 268 531 309 458 372 400 785 554 181 365 268 352 370 365 521 618 231 260 436 296 139 241 0 412 574 536 794 357 501 407 502 446 414 642 107 572 714 238 617 389 589 ; 
203 461 485 481 399 305 425 321 233 511 600 547 351 533 422 388 347 295 93 145 346 641 91 55 318 449 344 334 361 680 572 526 688 722 316 643 649 487 480 347 500 412 0 450 720 484 695 589 237 140 602 202 473 359 829 517 278 745 702 730 ; 
405 720 430 927 345 754 281 683 283 961 548 764 792 395 160 726 467 170 504 445 109 883 375 410 179 364 794 642 211 783 892 878 586 461 756 755 662 214 362 435 788 574 450 0 443 329 608 275 222 352 351 250 922 610 596 967 628 404 962 404 ; 
782 698 304 1103 782 968 295 777 671 1172 309 684 969 837 330 781 477 562 806 621 512 791 689 664 427 806 1011 699 366 584 881 906 265 28 1027 575 423 253 259 448 772 536 720 443 0 772 293 168 514 696 118 551 1125 632 156 1188 731 110 869 81 ; 
308 903 719 935 98 756 576 799 256 934 846 971 820 68 469 861 692 271 477 571 288 1082 395 481 423 65 784 792 487 1042 1044 1006 898 790 699 1009 947 537 662 668 958 794 484 329 772 0 918 604 388 344 679 380 908 790 925 928 750 725 1154 730 ; 
826 489 216 963 898 865 342 624 742 1048 95 445 842 987 451 603 359 660 788 559 630 535 702 642 502 934 906 539 434 303 655 698 28 266 957 301 144 395 257 349 555 357 695 608 293 918 0 380 565 729 287 594 999 465 244 1071 593 402 607 372 ; 
626 667 279 1012 614 862 189 705 511 1071 351 676 875 670 174 724 416 399 670 513 346 793 546 536 278 638 905 638 228 626 853 864 353 186 904 607 475 102 207 382 743 501 589 275 168 604 380 0 366 546 93 404 1026 580 321 1084 654 156 874 144 ; 
271 529 351 705 343 536 235 466 176 745 481 589 570 454 192 514 303 119 307 225 136 704 180 191 87 386 576 434 148 654 689 666 551 521 552 621 569 265 314 280 591 407 237 222 514 388 565 366 0 182 397 38 704 415 642 752 411 521 778 510 ; 
97 579 513 610 261 430 415 457 95 627 639 658 485 394 372 521 415 183 157 244 242 761 51 142 269 311 464 459 331 768 706 663 718 703 408 732 710 446 487 404 626 502 140 352 696 344 729 546 182 0 580 145 593 470 824 628 410 701 827 691 ; 
667 612 214 994 680 854 177 673 558 1060 264 611 858 746 220 683 374 453 688 506 407 725 571 546 312 707 897 599 249 543 798 816 260 123 909 526 388 145 154 343 688 446 602 351 118 679 287 93 397 580 0 434 1013 535 251 1075 625 171 805 145 ; 
236 526 379 676 326 505 270 450 150 713 507 591 542 444 230 502 314 121 270 209 154 704 142 160 125 371 544 425 185 668 680 653 580 558 516 634 590 303 346 294 586 414 202 250 551 380 594 404 38 145 434 0 673 413 678 719 396 560 777 548 ; 
600 547 835 66 810 168 841 376 687 49 908 634 157 938 874 413 657 767 438 512 819 649 555 513 776 855 129 461 803 835 491 411 1005 1119 218 803 895 928 866 681 516 642 473 922 1125 908 999 1026 704 593 1013 673 0 535 1198 75 406 1175 659 1154 ; 
555 113 328 498 723 413 396 159 539 585 376 188 380 850 485 148 164 532 436 226 549 293 421 330 431 771 451 74 412 337 283 283 472 619 524 301 362 504 382 198 178 107 359 610 632 790 465 580 415 470 535 413 535 0 677 608 135 706 364 680 ; 
914 720 363 1168 931 1050 410 832 808 1246 307 685 1040 991 471 823 540 704 919 714 658 779 810 773 560 957 1093 749 494 545 894 931 223 135 1123 546 389 396 348 518 791 572 829 596 156 925 244 321 642 824 251 678 1198 677 0 1265 793 243 852 221 ; 
623 622 902 135 830 221 901 449 719 31 979 710 228 954 928 488 725 807 471 570 861 723 594 561 828 873 178 534 859 910 564 484 1076 1183 229 878 969 984 930 748 591 714 517 967 1188 928 1071 1084 752 628 1075 719 75 608 1265 0 477 1235 732 1215 ; 
481 199 433 375 671 277 465 55 494 456 501 294 249 804 530 110 255 516 337 187 547 371 359 269 453 721 316 71 454 468 295 258 598 722 390 432 497 566 473 283 224 238 278 628 731 750 593 654 411 410 625 396 406 135 793 477 0 794 426 770 ; 
779 782 384 1159 749 1013 334 843 661 1221 411 776 1023 788 329 854 545 547 826 664 490 887 702 691 434 766 1056 770 384 689 968 987 374 137 1059 678 529 258 324 513 857 617 745 404 110 725 402 156 521 701 171 560 1175 706 243 1235 794 0 967 30 ; 
905 251 594 597 1084 623 713 394 901 701 561 200 551 1213 822 323 494 896 763 585 910 80 776 684 785 1133 643 368 754 313 169 249 629 848 758 306 463 820 668 527 202 389 702 962 869 1154 607 874 778 827 805 777 659 364 852 732 426 967 0 937 ; 
771 754 356 1137 749 994 314 818 654 1201 380 747 1001 793 318 828 520 541 812 644 486 858 689 675 422 769 1037 744 369 659 940 960 344 108 1042 647 498 245 299 488 829 589 730 404 81 730 372 144 510 691 145 548 1154 680 221 1215 770 30 937 0 
]

Q[d,p] = [
0 0 0 2 2 0 2 1 2 0 ; 
0 0 0 0 0 1 0 2 1 0 ; 
4 0 4 0 4 0 4 0 0 2 ; 
3 0 0 4 3 4 0 3 0 4 ; 
0 0 0 3 3 1 0 0 1 0 ; 
0 0 0 1 0 4 0 2 4 0 ; 
0 1 0 0 4 2 0 0 2 0 ; 
1 0 3 0 0 0 0 0 0 0 ; 
0 0 0 2 1 1 0 0 0 4 ; 
0 1 0 2 4 3 0 0 1 0 ; 
0 4 0 0 2 0 2 1 1 1 ; 
0 0 0 0 0 0 0 0 0 1 ; 
3 1 0 2 0 0 4 0 3 0 ; 
0 0 2 4 4 4 3 1 0 0 ; 
2 0 0 3 0 1 0 3 2 4 ; 
0 0 0 0 0 1 4 0 0 1 ; 
0 3 2 0 0 0 3 0 0 0 ; 
0 0 2 3 4 0 0 0 0 4 ; 
2 0 3 3 0 2 2 0 0 1 ; 
4 3 0 0 0 0 0 0 0 3 ; 
1 4 0 4 0 3 0 0 0 0 ; 
0 0 2 0 2 0 0 2 0 1 ; 
0 0 3 0 4 0 0 0 4 0 ; 
0 0 0 0 0 0 0 0 3 0 ; 
0 0 1 1 0 0 0 0 0 0 ; 
0 0 3 0 0 0 2 4 0 3 ; 
0 4 0 0 0 0 0 1 0 0 ; 
2 0 0 0 4 0 0 0 3 1 ; 
1 0 0 4 0 2 0 1 4 0 ; 
0 4 0 4 0 1 0 0 0 1 ; 
3 0 0 0 0 4 3 0 1 1 ; 
3 0 2 0 0 0 0 0 2 2 ; 
2 0 4 0 0 0 0 0 1 3 ; 
0 1 1 0 2 0 0 4 0 0 ; 
2 0 0 0 0 0 1 0 0 0 ; 
1 0 1 0 0 2 0 4 0 1 ; 
0 0 1 0 0 0 0 0 0 2 ; 
0 0 0 4 2 0 4 0 0 2 ; 
0 0 0 2 0 0 0 0 0 0 ; 
0 0 1 3 0 0 0 1 0 2 ; 
0 0 0 4 3 2 0 0 0 0 ; 
0 4 2 0 3 0 3 1 0 0 ; 
3 1 2 0 0 0 0 0 0 0 ; 
0 2 0 0 0 4 0 0 0 3 ; 
1 2 0 0 4 0 0 0 3 0 ; 
0 0 0 0 0 3 0 2 0 4 ; 
0 0 0 0 4 3 0 2 0 0 ; 
4 1 2 1 0 2 0 0 0 3 ; 
0 0 0 4 4 0 4 0 4 0 ; 
4 1 0 3 0 0 4 1 1 2 
]
