

nbDEMANDES = 5

nbPRODUITS = 10

nbMAGASINS = 10

nbNOEUDS = 15

S[m,p] = [
3 1 0 1 1 0 1 2 1 0 ; 
0 0 0 0 1 0 0 0 0 0 ; 
1 2 0 0 1 0 1 1 1 1 ; 
1 1 1 0 2 0 2 0 0 0 ; 
1 0 0 3 0 1 1 0 2 0 ; 
1 1 2 0 2 0 0 0 1 0 ; 
1 1 3 3 2 0 1 0 0 0 ; 
0 0 2 1 0 0 0 2 0 1 ; 
1 2 1 1 0 2 0 0 3 0 ; 
0 1 0 0 1 0 1 0 1 0 
]

R[i,j] = [
0 719 238 708 741 885 154 776 454 716 871 245 996 294 215 ; 
719 0 689 480 781 166 594 508 325 5 347 486 314 448 505 ; 
238 689 0 528 507 851 157 593 369 685 927 336 914 252 290 ; 
708 480 528 0 319 570 555 67 323 475 827 599 514 447 579 ; 
741 781 507 319 0 886 616 331 533 776 1118 737 829 580 701 ; 
885 166 851 570 886 0 761 580 483 169 336 651 207 613 671 ; 
154 594 157 555 616 761 0 623 305 591 793 180 855 150 135 ; 
776 508 593 67 331 580 623 0 385 504 856 664 499 514 645 ; 
454 325 369 323 533 483 305 385 0 321 613 285 552 159 275 ; 
716 5 685 475 776 169 591 504 321 0 352 484 314 444 502 ; 
871 347 927 827 1118 336 793 856 613 352 0 629 540 676 667 ; 
245 486 336 599 737 651 180 664 285 484 629 0 781 160 45 ; 
996 314 914 514 829 207 855 499 552 314 540 781 0 705 792 ; 
294 448 252 447 580 613 150 514 159 444 676 160 705 0 132 ; 
215 505 290 579 701 671 135 645 275 502 667 45 792 132 0 
]

Q[d,p] = [
0 3 0 3 3 0 2 0 2 0 ; 
0 0 0 0 1 1 0 3 1 0 ; 
4 0 0 0 4 0 0 0 0 0 ; 
0 4 4 0 0 0 0 0 4 0 ; 
3 0 3 4 0 0 3 0 0 0 
]
