

nbDEMANDES = 5

nbPRODUITS = 10

nbMAGASINS = 10

nbNOEUDS = 15

S[m,p] = [
0 0 1 1 1 3 0 1 0 2 ; 
0 2 0 0 1 0 1 1 0 5 ; 
0 0 1 1 0 0 1 0 1 0 ; 
1 0 3 0 0 0 0 2 1 1 ; 
0 0 0 0 0 0 0 0 1 0 ; 
2 0 3 2 0 0 1 1 0 0 ; 
1 3 1 1 1 2 1 0 2 0 ; 
0 0 1 0 0 1 3 2 2 1 ; 
2 0 1 1 0 1 1 0 1 3 ; 
0 3 3 0 0 1 1 0 1 0 
]

R[i,j] = [
0 563 349 546 417 332 237 583 783 442 806 655 337 647 425 ; 
563 0 646 153 158 380 797 36 766 698 267 683 870 511 145 ; 
349 646 0 544 563 267 397 647 1107 790 914 982 606 931 562 ; 
546 153 544 0 231 282 766 131 897 775 390 804 876 648 216 ; 
417 158 563 231 0 316 654 188 676 551 389 577 713 437 15 ; 
332 380 267 282 316 0 516 379 940 698 647 824 667 729 311 ; 
237 797 397 766 654 516 0 815 933 547 1043 807 222 843 662 ; 
583 36 647 131 188 379 815 0 801 732 269 719 895 546 174 ; 
783 766 1107 897 676 940 933 801 0 396 765 127 808 257 689 ; 
442 698 790 775 551 698 547 732 396 0 831 279 412 401 566 ; 
806 267 914 390 389 647 1043 269 765 831 0 723 1085 517 382 ; 
655 683 982 804 577 824 807 719 127 279 723 0 690 208 591 ; 
337 870 606 876 713 667 222 895 808 412 1085 690 0 778 725 ; 
647 511 931 648 437 729 843 546 257 401 517 208 778 0 449 ; 
425 145 562 216 15 311 662 174 689 566 382 591 725 449 0 
]

Q[d,p] = [
3 2 4 0 0 0 0 3 3 0 ; 
1 0 1 0 0 2 1 2 3 4 ; 
0 0 4 0 1 0 0 0 1 3 ; 
0 4 3 0 0 0 4 0 0 3 ; 
0 0 0 4 0 4 2 0 0 0 
]
