

nbDEMANDES = 5

nbPRODUITS = 10

nbMAGASINS = 10

nbNOEUDS = 15

S[m,p] = [
2 1 0 0 0 1 0 1 1 0 ; 
0 0 0 0 2 2 0 1 1 1 ; 
0 1 0 0 0 2 2 2 1 0 ; 
0 1 0 0 2 1 1 1 0 1 ; 
0 1 1 1 0 0 0 0 1 1 ; 
0 0 1 0 1 1 1 0 0 1 ; 
0 0 1 0 0 0 1 0 1 0 ; 
2 1 1 1 2 0 0 0 0 1 ; 
0 2 1 0 0 2 1 2 1 0 ; 
1 1 0 1 0 3 0 0 2 0 
]

R[i,j] = [
0 256 318 830 646 889 661 335 198 762 502 665 868 234 447 ; 
256 0 74 574 458 842 411 525 78 626 649 420 662 35 346 ; 
318 74 0 521 466 887 343 599 153 650 723 387 654 84 301 ; 
830 574 521 0 442 967 238 1047 636 633 1113 213 417 600 668 ; 
646 458 466 442 0 533 499 728 466 214 739 243 226 494 755 ; 
889 842 887 967 533 0 1026 741 800 335 621 776 601 869 1187 ; 
661 411 343 238 499 1026 0 929 486 714 1030 271 574 428 432 ; 
335 525 599 1047 728 741 929 0 447 750 184 848 950 520 782 ; 
198 78 153 636 466 800 486 447 0 612 571 467 681 83 403 ; 
762 626 650 633 214 335 714 750 612 0 707 451 279 660 949 ; 
502 649 723 1113 739 621 1030 184 571 707 0 903 945 652 940 ; 
665 420 387 213 243 776 271 848 467 451 903 0 310 452 618 ; 
868 662 654 417 226 601 574 950 681 279 945 310 0 697 918 ; 
234 35 84 600 494 869 428 520 83 660 652 452 697 0 323 ; 
447 346 301 668 755 1187 432 782 403 949 940 618 918 323 0 
]

Q[d,p] = [
1 1 0 0 0 3 4 0 2 0 ; 
0 2 0 0 0 0 0 3 0 0 ; 
0 2 0 1 2 2 0 0 0 0 ; 
2 0 3 0 3 4 0 2 2 1 ; 
0 1 0 0 0 1 0 0 2 2 
]
