

nbDEMANDES = 20

nbPRODUITS = 10

nbMAGASINS = 10

nbNOEUDS = 30

S[m,p] = [
9 4 6 2 6 0 1 4 0 7 ; 
5 3 7 0 9 5 5 5 0 1 ; 
3 3 0 0 0 0 6 0 0 0 ; 
6 1 0 0 5 4 5 0 7 8 ; 
4 10 4 7 8 3 0 8 0 0 ; 
0 1 5 6 5 7 0 6 2 7 ; 
5 2 5 2 6 0 0 7 7 4 ; 
7 0 0 0 3 8 0 5 3 8 ; 
3 0 2 6 0 0 0 5 0 2 ; 
0 1 0 0 2 7 1 5 4 0 
]

R[i,j] = [
0 286 525 407 183 400 458 679 297 216 164 239 353 241 334 494 466 699 312 534 114 450 282 598 221 461 707 210 325 347 ; 
286 0 264 457 332 497 210 458 336 500 443 525 491 231 617 240 409 422 80 250 399 602 495 318 136 488 421 87 381 370 ; 
525 264 0 703 596 570 70 505 589 740 688 760 752 488 859 33 619 340 213 114 636 863 656 108 398 724 261 350 634 428 ; 
407 457 703 0 225 805 662 518 126 458 407 493 138 229 517 687 163 673 535 641 435 205 677 717 325 58 748 390 85 731 ; 
183 332 596 225 0 584 539 596 132 265 204 300 179 142 356 571 313 678 393 569 216 285 452 642 203 281 718 246 148 522 ; 
400 497 570 805 584 0 507 954 688 483 480 473 750 610 565 537 840 878 447 651 419 839 209 677 543 857 826 488 721 142 ; 
458 210 70 662 539 507 0 521 543 672 622 691 701 440 791 37 591 382 148 149 568 812 586 171 346 687 319 293 588 365 ; 
679 458 505 518 596 954 521 0 487 854 791 887 642 460 953 517 356 236 511 391 776 723 938 436 457 494 358 487 509 824 ; 
297 336 589 126 132 688 543 487 0 395 336 430 174 104 478 571 181 603 411 537 347 279 577 613 201 170 662 265 45 608 ; 
216 500 740 458 265 483 672 854 395 0 63 35 345 394 118 709 576 904 528 749 104 398 287 814 414 516 920 420 399 491 ; 
164 443 688 407 204 480 622 791 336 63 0 96 304 331 174 658 517 842 476 693 65 371 300 759 352 465 861 361 343 470 ; 
239 525 760 493 300 473 691 887 430 35 96 0 378 427 103 728 611 932 549 773 125 427 272 836 444 551 945 446 435 491 ; 
353 491 752 138 179 750 701 642 174 345 304 378 0 265 388 731 296 775 560 708 346 111 596 784 355 188 837 410 138 699 ; 
241 231 488 229 142 610 440 460 104 394 331 427 265 0 494 468 231 537 307 444 322 375 523 519 96 267 582 161 149 518 ; 
334 617 859 517 356 565 791 953 478 118 174 103 388 494 0 828 653 1016 647 867 222 409 358 932 525 573 1036 536 473 593 ; 
494 240 33 687 571 537 37 517 571 709 658 728 731 468 828 0 610 363 183 132 605 842 622 139 376 710 291 325 616 395 ; 
466 409 619 163 313 840 591 356 181 576 517 611 296 231 653 610 0 528 489 537 528 368 749 611 304 139 616 368 180 743 ; 
699 422 340 673 678 878 382 236 603 904 842 932 775 537 1016 363 528 0 440 233 810 872 914 243 490 665 125 488 637 737 ; 
312 80 213 535 393 447 148 511 411 528 476 549 560 307 647 183 489 440 0 233 424 671 477 289 210 567 414 150 456 312 ; 
534 250 114 641 569 651 149 391 537 749 693 773 708 444 867 132 537 233 233 0 648 817 708 76 365 654 181 334 580 509 ; 
114 399 636 435 216 419 568 776 347 104 65 125 346 322 222 605 528 810 424 648 0 424 249 711 325 492 820 322 363 404 ; 
450 602 863 205 285 839 812 723 279 398 371 427 111 375 409 842 368 872 671 817 424 0 671 893 466 235 940 521 238 798 ; 
282 495 656 677 452 209 586 938 577 287 300 272 596 523 358 622 749 914 477 708 249 671 0 754 486 734 890 450 600 274 ; 
598 318 108 717 642 677 171 436 613 814 759 836 784 519 932 139 611 243 289 76 711 893 754 0 439 729 153 404 656 535 ; 
221 136 398 325 203 543 346 457 201 414 352 444 355 96 525 376 304 490 210 365 325 466 486 439 0 360 518 66 245 439 ; 
461 488 724 58 281 857 687 494 170 516 465 551 188 267 573 710 139 665 567 654 492 235 734 729 360 0 749 426 135 779 ; 
707 421 261 748 718 826 319 358 662 920 861 945 837 582 1036 291 616 125 414 181 820 940 890 153 518 749 0 500 701 684 ; 
210 87 350 390 246 488 293 487 265 420 361 446 410 161 536 325 368 488 150 334 322 521 450 404 66 426 500 0 309 377 ; 
325 381 634 85 148 721 588 509 45 399 343 435 138 149 473 616 180 637 456 580 363 238 600 656 245 135 701 309 0 646 ; 
347 370 428 731 522 142 365 824 608 491 470 491 699 518 593 395 743 737 312 509 404 798 274 535 439 779 684 377 646 0 
]

Q[d,p] = [
0 0 0 1 0 0 0 0 0 4 ; 
0 4 0 0 0 0 1 1 0 0 ; 
1 4 4 0 2 0 0 0 0 1 ; 
1 0 0 0 2 3 0 0 0 0 ; 
0 2 2 4 0 0 2 4 0 4 ; 
0 1 1 0 0 0 0 0 0 0 ; 
0 3 2 3 3 2 0 2 0 0 ; 
0 0 0 0 1 0 1 0 1 0 ; 
4 0 1 0 0 2 0 2 4 4 ; 
3 0 1 0 0 0 1 0 0 0 ; 
4 4 3 0 0 0 0 0 0 0 ; 
0 3 1 3 0 4 0 2 0 3 ; 
1 0 0 0 0 0 0 1 1 2 ; 
0 0 4 0 0 0 0 3 0 0 ; 
0 2 1 0 0 0 0 1 2 2 ; 
2 0 0 0 4 0 3 2 0 2 ; 
0 0 4 0 0 0 0 4 0 0 ; 
0 0 0 1 0 0 4 0 0 1 ; 
0 0 3 0 0 3 0 0 4 0 ; 
0 0 0 0 4 4 1 0 3 0 
]
