

nbDEMANDES = 10

nbPRODUITS = 10

nbMAGASINS = 10

nbNOEUDS = 20

S[m,p] = [
0 0 2 0 4 3 1 1 3 5 ; 
1 4 2 0 3 1 2 3 3 1 ; 
4 1 0 1 4 0 1 2 3 0 ; 
0 0 1 3 0 1 0 3 0 2 ; 
2 2 3 0 2 1 4 4 3 2 ; 
0 1 3 1 3 0 0 1 3 2 ; 
0 1 1 0 5 3 3 3 0 1 ; 
4 4 3 4 1 0 0 1 0 0 ; 
0 2 2 4 2 4 2 1 0 1 ; 
3 0 0 0 2 1 0 3 3 1 
]

R[i,j] = [
0 260 1114 726 765 656 282 560 233 1114 772 880 872 640 965 605 369 1098 161 317 ; 
260 0 879 676 513 516 381 301 126 896 724 793 728 380 857 543 175 863 220 460 ; 
1114 879 0 802 389 586 1034 666 987 129 814 708 510 574 650 769 911 16 986 1117 ; 
726 676 802 0 710 264 472 778 792 719 48 179 308 769 283 133 838 791 569 506 ; 
765 513 389 710 0 445 755 277 609 447 743 706 531 187 705 617 523 374 663 845 ; 
656 516 586 264 445 0 483 538 643 530 298 297 217 516 343 187 651 572 498 555 ; 
282 381 1034 472 755 483 0 643 444 1002 515 641 681 694 737 370 551 1019 168 90 ; 
560 301 666 778 277 538 643 0 361 720 821 835 702 95 866 655 253 651 505 731 ; 
233 126 987 792 609 643 444 361 0 1012 840 916 855 452 982 660 136 971 276 509 ; 
1114 896 129 719 447 530 1002 720 1012 0 724 606 414 634 538 704 951 131 975 1081 ; 
772 724 814 48 743 298 515 821 840 724 0 152 310 809 257 181 886 803 616 546 ; 
880 793 708 179 706 297 641 835 916 606 152 0 200 806 105 276 941 699 720 683 ; 
872 728 510 308 531 217 681 702 855 414 310 200 0 656 174 326 852 500 713 743 ; 
640 380 574 769 187 516 694 95 452 634 809 806 656 0 826 655 349 559 569 783 ; 
965 857 650 283 705 343 737 866 982 538 257 105 174 826 0 367 995 643 804 783 ; 
605 543 769 133 617 187 370 655 660 704 181 276 326 655 367 0 706 756 445 422 ; 
369 175 911 838 523 651 551 253 136 951 886 941 852 349 995 706 0 895 384 624 ; 
1098 863 16 791 374 572 1019 651 971 131 803 699 500 559 643 756 895 0 970 1102 ; 
161 220 986 569 663 498 168 505 276 975 616 720 713 569 804 445 384 970 0 240 ; 
317 460 1117 506 845 555 90 731 509 1081 546 683 743 783 783 422 624 1102 240 0 
]

Q[d,p] = [
0 0 0 0 2 0 0 4 0 0 ; 
0 0 0 3 4 0 1 0 1 0 ; 
1 4 0 0 0 1 2 3 0 0 ; 
0 0 2 4 3 0 0 0 2 4 ; 
2 0 4 0 0 4 4 0 3 0 ; 
2 3 4 0 4 4 4 2 0 4 ; 
3 2 2 0 1 0 0 4 0 0 ; 
0 0 0 0 4 0 0 3 0 3 ; 
4 4 1 1 4 3 0 3 0 0 ; 
0 0 2 0 2 0 0 1 0 2 
]
