

nbDEMANDES = 50

nbPRODUITS = 10

nbMAGASINS = 10

nbNOEUDS = 60

S[m,p] = [
0 1 0 3 20 0 15 17 15 21 ; 
19 5 11 0 0 16 21 19 20 17 ; 
10 0 15 22 20 12 1 0 5 9 ; 
3 23 0 5 9 7 15 21 14 21 ; 
17 18 0 3 8 4 16 2 18 0 ; 
0 12 23 20 0 6 6 13 0 14 ; 
22 2 3 7 2 20 15 1 11 16 ; 
10 21 4 2 0 1 24 18 13 0 ; 
11 6 11 19 3 6 21 5 23 9 ; 
18 4 0 4 4 8 0 0 10 17 
]

R[i,j] = [
0 586 669 297 366 421 423 192 374 557 807 470 454 506 162 375 73 719 422 573 524 814 342 793 338 509 180 560 448 515 290 179 603 281 112 373 406 685 280 439 781 39 82 256 549 494 113 427 740 276 754 374 463 460 324 221 272 293 365 623 ; 
586 0 553 400 538 682 661 395 722 493 575 984 516 609 492 809 582 779 940 18 477 760 555 733 748 1004 518 679 569 427 296 413 44 854 657 652 210 725 331 721 194 607 510 819 247 98 689 664 705 796 385 873 220 831 440 460 807 779 281 506 ; 
669 553 0 733 891 381 1002 558 1003 112 160 784 926 226 507 586 722 254 760 537 145 207 352 180 537 774 491 245 959 168 542 614 597 797 645 396 615 203 462 1044 643 707 647 749 306 560 772 1006 154 675 279 692 686 535 346 732 700 629 398 53 ; 
297 400 733 0 160 631 280 202 324 629 830 767 199 653 328 652 250 871 718 393 598 922 512 897 603 804 367 723 226 565 191 155 396 571 406 584 190 825 274 334 579 294 221 552 493 303 359 284 851 571 704 667 204 720 426 82 569 580 337 681 ; 
366 538 891 160 0 755 123 343 197 785 991 823 98 796 451 741 297 1016 775 535 753 1076 646 1051 701 866 488 864 82 723 351 288 526 603 477 707 336 972 429 183 702 346 312 596 653 447 382 126 1004 636 862 735 322 822 572 170 628 658 496 838 ; 
421 682 381 631 755 0 835 429 795 303 542 402 826 155 304 205 492 316 379 664 286 444 131 430 161 395 267 167 837 320 485 476 720 441 345 48 616 296 397 858 845 456 447 395 488 631 491 839 376 311 605 312 695 165 246 587 338 260 407 363 ; 
423 661 1002 280 123 835 0 446 114 893 1107 848 172 891 537 793 350 1111 801 658 861 1181 735 1157 761 895 571 956 114 834 467 389 648 617 526 787 460 1070 539 63 821 394 389 620 774 571 406 4 1107 674 984 771 443 883 672 270 661 704 612 950 ; 
192 395 558 202 343 429 446 0 446 448 675 617 401 453 134 473 202 672 570 381 415 735 309 711 419 647 173 522 420 391 99 56 413 462 268 384 229 628 105 486 590 217 121 429 375 304 300 450 662 421 588 510 298 530 228 176 427 417 190 507 ; 
374 722 1003 324 197 795 114 446 0 892 1121 761 274 869 512 728 303 1087 716 717 858 1170 708 1147 702 810 541 929 222 837 490 391 715 528 465 747 514 1049 548 80 894 339 362 536 803 627 330 115 1096 599 1017 693 513 823 662 283 583 634 628 952 ; 
557 493 112 629 785 303 893 448 892 0 258 702 824 158 395 502 610 286 674 476 33 295 249 269 449 698 379 208 855 69 439 505 537 695 537 307 524 232 355 934 612 595 535 648 250 484 661 898 226 578 306 604 598 466 233 623 602 534 298 68 ; 
807 575 160 830 991 542 1107 675 1121 258 0 944 1012 387 645 747 854 367 921 562 289 252 507 232 698 934 634 400 1052 291 640 729 617 953 794 556 685 328 572 1154 615 845 776 906 350 608 914 1111 245 834 212 853 746 694 483 841 859 788 495 190 ; 
470 984 784 767 823 402 848 617 761 702 944 0 917 557 495 200 529 667 48 967 681 817 473 809 257 52 466 554 902 708 712 632 1012 234 361 395 846 668 653 841 1170 480 547 228 846 907 444 852 759 197 997 111 915 259 567 692 198 204 708 764 ; 
454 516 926 199 98 826 172 401 274 824 1012 917 0 852 521 827 389 1070 869 516 794 1119 709 1093 784 960 559 922 59 759 384 350 496 700 566 778 332 1024 472 234 661 438 393 692 666 434 479 173 1048 728 867 827 295 904 625 241 721 747 527 873 ; 
506 609 226 653 796 155 891 453 869 158 387 557 852 0 357 360 570 220 534 591 151 311 163 293 314 548 328 73 873 196 479 507 651 584 456 175 591 179 386 924 750 544 508 537 384 578 596 896 238 457 464 467 670 311 227 627 484 408 362 211 ; 
162 492 507 328 451 304 537 134 512 395 645 495 521 357 0 340 216 576 450 476 362 660 197 638 285 521 39 419 532 353 218 173 518 371 175 257 355 537 161 567 683 200 150 331 404 411 270 542 585 304 602 385 429 396 162 282 315 292 230 461 ; 
375 809 586 652 741 205 793 473 728 502 747 200 827 360 340 0 446 495 174 791 481 637 276 626 61 203 304 365 823 508 557 502 841 270 267 195 695 487 486 801 989 400 435 231 653 740 399 798 573 143 797 108 769 103 377 587 169 96 528 565 ; 
73 582 722 250 297 492 350 202 303 610 854 529 389 570 216 446 0 786 480 570 576 876 407 854 411 570 241 628 379 563 289 169 593 322 180 444 388 750 303 366 775 48 81 306 575 485 112 354 801 339 786 438 434 533 376 169 331 361 389 674 ; 
719 779 254 871 1016 316 1111 672 1087 286 367 667 1070 220 576 495 786 0 658 762 304 155 379 156 468 642 545 158 1093 353 692 727 823 754 657 357 796 54 600 1143 890 757 727 708 535 767 801 1116 123 622 532 602 873 409 445 847 650 570 565 285 ; 
422 940 760 718 775 379 801 570 716 674 921 48 869 534 450 174 480 658 0 923 652 805 439 795 225 94 422 537 854 676 665 584 968 191 313 366 800 655 609 795 1128 431 498 181 809 862 396 805 744 149 965 71 867 249 528 643 149 161 666 738 ; 
573 18 537 393 535 664 658 381 717 476 562 967 516 591 476 791 570 762 923 0 459 744 537 717 730 987 501 661 569 410 283 401 61 839 642 634 203 708 315 718 209 594 497 803 230 90 677 661 689 779 376 856 220 813 422 452 791 762 263 490 ; 
524 477 145 598 753 286 861 415 858 33 289 681 794 151 362 481 576 304 652 459 0 324 221 299 426 679 347 210 824 50 409 472 520 667 505 286 498 251 324 902 605 562 502 620 239 462 628 865 254 551 319 581 573 450 200 591 575 508 270 100 ; 
814 760 207 922 1076 444 1181 735 1170 295 252 817 1119 311 660 637 876 155 805 744 324 0 474 26 604 795 635 276 1148 362 734 791 804 886 768 478 817 150 648 1219 839 853 808 839 514 767 907 1185 74 755 449 745 890 558 509 911 783 704 593 257 ; 
342 555 352 512 646 131 735 309 708 249 507 473 709 163 197 276 407 379 439 537 221 474 0 454 216 479 166 221 725 238 357 359 592 446 297 97 485 342 266 764 725 380 348 399 377 501 433 739 400 330 525 368 565 277 116 476 354 289 277 317 ; 
793 733 180 897 1051 430 1157 711 1147 269 232 809 1093 293 638 626 854 156 795 717 299 26 454 0 590 788 614 262 1123 336 708 767 777 871 749 462 791 141 622 1195 813 832 786 824 487 740 887 1161 54 741 426 734 863 550 485 887 768 690 567 230 ; 
338 748 537 603 701 161 761 419 702 449 698 257 784 314 285 61 411 468 225 730 426 604 216 590 0 263 248 328 784 451 500 451 780 285 236 141 638 454 427 773 928 367 391 240 592 680 378 765 537 153 740 155 713 121 316 543 181 101 467 513 ; 
509 1004 774 804 866 395 895 647 810 698 934 52 960 548 521 203 570 642 94 987 679 795 479 788 263 0 489 538 946 709 739 666 1034 284 398 394 875 647 676 889 1188 521 583 275 856 931 489 899 739 233 997 137 946 241 579 731 238 230 726 758 ; 
180 518 491 367 488 267 571 173 541 379 634 466 559 328 39 304 241 545 422 501 347 635 166 614 248 489 0 387 569 343 253 212 546 357 168 219 390 508 187 599 707 219 182 315 413 441 281 576 560 279 603 355 465 357 152 319 292 261 248 447 ; 
560 679 245 723 864 167 956 522 929 208 400 554 922 73 419 365 628 158 537 661 210 276 221 262 328 538 387 0 942 259 551 575 721 609 500 203 664 129 458 986 815 598 569 563 448 651 644 960 209 479 507 473 744 297 298 694 506 428 435 246 ; 
448 569 959 226 82 837 114 420 222 855 1052 902 59 873 532 823 379 1093 854 569 824 1148 725 1123 784 946 569 942 0 791 417 366 552 679 559 789 380 1048 500 176 718 427 395 674 709 485 459 115 1076 717 913 816 349 905 648 250 708 740 562 906 ; 
515 427 168 565 723 320 834 391 837 69 291 708 759 196 353 508 563 353 676 410 50 362 238 336 451 709 343 259 791 0 375 447 471 678 507 314 455 299 294 877 556 553 486 631 190 415 623 838 295 568 288 605 529 486 191 564 590 528 231 116 ; 
290 296 542 191 351 485 467 99 490 439 640 712 384 479 218 557 289 692 665 283 409 734 357 708 500 739 253 551 417 375 0 121 313 561 367 443 137 644 92 516 491 312 214 528 312 204 394 471 663 517 526 603 213 604 253 207 524 509 145 489 ; 
179 413 614 155 288 476 389 56 391 505 729 632 350 507 173 502 169 727 584 401 472 791 359 767 451 666 212 575 366 447 121 0 426 459 273 429 226 683 157 429 607 195 98 431 422 318 276 393 718 435 636 528 285 566 284 120 437 437 240 563 ; 
603 44 597 396 526 720 648 413 715 537 617 1012 496 651 518 841 593 823 968 61 520 804 592 777 780 1034 546 721 552 471 313 426 0 875 679 689 210 769 358 709 184 622 524 841 291 109 703 650 749 822 424 901 204 867 476 462 832 808 315 550 ; 
281 854 797 571 603 441 617 462 528 695 953 234 700 584 371 270 322 754 191 839 667 886 446 871 285 284 357 609 679 678 561 459 875 0 197 409 685 738 528 608 1048 277 363 47 770 766 221 621 817 131 954 188 744 373 499 491 104 184 602 763 ; 
112 657 645 406 477 345 526 268 465 537 794 361 566 456 175 267 180 657 313 642 505 768 297 749 236 398 168 500 559 507 367 273 679 197 0 300 495 629 331 536 851 132 185 161 579 570 146 531 694 165 772 262 559 357 319 333 164 181 406 605 ; 
373 652 396 584 707 48 787 384 747 307 556 395 778 175 257 195 444 357 366 634 286 478 97 462 141 394 219 203 789 314 443 429 689 409 300 0 576 333 356 810 821 409 398 362 470 597 446 791 407 282 602 297 655 181 212 539 308 233 374 371 ; 
406 210 615 190 336 616 460 229 514 524 685 846 332 591 355 695 388 796 800 203 498 817 485 791 638 875 390 664 380 455 137 226 210 685 495 576 0 744 219 518 394 420 325 656 335 113 499 463 751 650 534 738 80 741 375 252 656 645 231 562 ; 
685 725 203 825 972 296 1070 628 1049 232 328 668 1024 179 537 487 750 54 655 708 251 150 342 141 454 647 508 129 1048 299 644 683 769 738 629 333 744 0 552 1103 836 723 688 692 481 713 771 1074 93 607 482 595 821 409 400 803 634 555 514 232 ; 
280 331 462 274 429 397 539 105 548 355 572 653 472 386 161 486 303 600 609 315 324 648 266 622 427 676 187 458 500 294 92 157 358 528 331 356 219 552 0 584 522 311 221 490 272 254 393 544 576 464 483 543 298 524 160 270 476 449 86 410 ; 
439 721 1044 334 183 858 63 486 80 934 1154 841 234 924 567 801 366 1143 795 718 902 1219 764 1195 773 889 599 986 176 877 516 429 709 608 536 810 518 1103 584 0 883 407 416 615 826 630 405 61 1145 676 1038 771 505 894 709 313 660 709 659 993 ; 
781 194 643 579 702 845 821 590 894 612 615 1170 661 750 683 989 775 890 1128 209 605 839 725 813 928 1188 707 815 718 556 491 607 184 1048 851 821 394 836 522 883 0 802 704 1012 366 289 884 823 797 986 403 1059 381 1002 613 646 998 967 462 605 ; 
39 607 707 294 346 456 394 217 339 595 845 480 438 544 200 400 48 757 431 594 562 853 380 832 367 521 219 598 427 553 312 195 622 277 132 409 420 723 311 407 802 0 97 259 582 513 82 398 779 290 789 389 472 488 363 215 283 313 397 662 ; 
82 510 647 221 312 447 389 121 362 535 776 547 393 508 150 435 81 727 498 497 502 808 348 786 391 583 182 569 395 486 214 98 524 363 185 398 325 688 221 416 704 97 0 337 494 415 179 393 734 350 704 446 381 511 302 152 349 360 308 599 ; 
256 819 749 552 596 395 620 429 536 648 906 228 692 537 331 231 306 708 181 803 620 839 399 824 240 275 315 563 674 631 528 431 841 47 161 362 656 692 490 615 1012 259 337 0 727 732 215 624 770 88 909 161 717 334 454 474 61 140 561 716 ; 
549 247 306 493 653 488 774 375 803 250 350 846 666 384 404 653 575 535 809 230 239 514 377 487 592 856 413 448 709 190 312 422 291 770 579 470 335 481 272 826 366 582 494 727 0 260 662 778 458 680 214 737 395 650 280 519 698 650 185 259 ; 
494 98 560 303 447 631 571 304 627 484 608 907 434 578 411 740 485 767 862 90 462 767 501 740 680 931 441 651 485 415 204 318 109 766 570 597 113 713 254 630 289 513 415 732 260 0 594 574 706 715 439 797 142 772 385 362 725 703 224 510 ; 
113 689 772 359 382 491 406 300 330 661 914 444 479 596 270 399 112 801 396 677 628 907 433 887 378 489 281 644 459 623 394 276 703 221 146 446 499 771 393 405 884 82 179 215 662 594 0 410 833 270 867 366 547 496 431 277 255 304 477 729 ; 
427 664 1006 284 126 839 4 450 115 898 1111 852 173 896 542 798 354 1116 805 661 865 1185 739 1161 765 899 576 960 115 838 471 393 650 621 531 791 463 1074 544 61 823 398 393 624 778 574 410 0 1112 678 988 775 446 887 677 274 665 708 616 954 ; 
740 705 154 851 1004 376 1107 662 1096 226 245 759 1048 238 585 573 801 123 744 689 254 74 400 54 537 739 560 209 1076 295 663 718 749 817 694 407 751 93 576 1145 797 779 734 770 458 706 833 1112 0 687 421 682 825 500 435 838 714 636 525 199 ; 
276 796 675 571 636 311 674 421 599 578 834 197 728 457 304 143 339 622 149 779 551 755 330 741 153 233 279 479 717 568 517 435 822 131 165 282 650 607 464 676 986 290 350 88 680 715 270 678 687 0 851 98 718 247 401 497 27 52 526 645 ; 
754 385 279 704 862 605 984 588 1017 306 212 997 867 464 602 797 786 532 965 376 319 449 525 426 740 997 603 507 913 288 526 636 424 954 772 602 534 482 483 1038 403 789 704 909 214 439 867 988 421 851 0 893 582 770 455 733 872 814 397 262 ; 
374 873 692 667 735 312 771 510 693 604 853 111 827 467 385 108 438 602 71 856 581 745 368 734 155 137 355 473 816 605 603 528 901 188 262 297 738 595 543 771 1059 389 446 161 737 797 366 775 682 98 893 0 808 197 457 595 110 93 597 669 ; 
463 220 686 204 322 695 443 298 513 598 746 915 295 670 429 769 434 873 867 220 573 890 565 863 713 946 465 744 349 529 213 285 204 744 559 655 80 821 298 505 381 472 381 717 395 142 547 446 825 718 582 808 0 818 455 280 722 716 309 633 ; 
460 831 535 720 822 165 883 530 823 466 694 259 904 311 396 103 533 409 249 813 450 558 277 550 121 241 357 297 905 486 604 566 867 373 357 181 741 409 524 894 1002 488 511 334 650 772 496 887 500 247 770 197 818 0 391 662 272 198 551 522 ; 
324 440 346 426 572 246 672 228 662 233 483 567 625 227 162 377 376 445 528 422 200 509 116 485 316 579 152 298 648 191 253 284 476 499 319 212 375 400 160 709 613 363 302 454 280 385 431 677 435 401 455 457 455 391 0 404 420 369 161 299 ; 
221 460 732 82 170 587 270 176 283 623 841 692 241 627 282 587 169 847 643 452 591 911 476 887 543 731 319 694 250 564 207 120 462 491 333 539 252 803 270 313 646 215 152 474 519 362 277 274 838 497 733 595 280 662 404 0 494 511 346 680 ; 
272 807 700 569 628 338 661 427 583 602 859 198 721 484 315 169 331 650 149 791 575 783 354 768 181 238 292 506 708 590 524 437 832 104 164 308 656 634 476 660 998 283 349 61 698 725 255 665 714 27 872 110 722 272 420 494 0 80 541 670 ; 
293 779 629 580 658 260 704 417 634 534 788 204 747 408 292 96 361 570 161 762 508 704 289 690 101 230 261 428 740 528 509 437 808 184 181 233 645 555 449 709 967 313 360 140 650 703 304 708 636 52 814 93 716 198 369 511 80 0 504 600 ; 
365 281 398 337 496 407 612 190 628 298 495 708 527 362 230 528 389 565 666 263 270 593 277 567 467 726 248 435 562 231 145 240 315 602 406 374 231 514 86 659 462 397 308 561 185 224 477 616 525 526 397 597 309 551 161 346 541 504 0 345 ; 
623 506 53 681 838 363 950 507 952 68 190 764 873 211 461 565 674 285 738 490 100 257 317 230 513 758 447 246 906 116 489 563 550 763 605 371 562 232 410 993 605 662 599 716 259 510 729 954 199 645 262 669 633 522 299 680 670 600 345 0 
]

Q[d,p] = [
0 1 0 0 2 0 0 0 3 0 ; 
0 0 1 0 0 1 0 0 0 0 ; 
4 0 0 1 0 1 4 4 2 0 ; 
0 0 0 0 0 0 3 0 4 0 ; 
0 1 0 0 0 0 0 1 0 0 ; 
4 0 0 0 4 0 3 0 1 1 ; 
4 0 1 0 3 0 4 0 0 1 ; 
0 1 0 3 0 0 4 0 0 0 ; 
0 0 3 1 0 1 2 0 4 0 ; 
0 3 3 3 3 2 2 2 0 0 ; 
0 2 0 0 3 1 0 0 0 0 ; 
0 3 0 2 0 2 0 2 0 0 ; 
2 4 0 3 0 1 1 1 3 1 ; 
4 0 3 0 4 0 0 0 0 0 ; 
3 0 0 2 0 0 1 4 0 0 ; 
0 0 0 0 0 0 0 0 0 0 ; 
3 2 3 4 0 2 0 0 0 0 ; 
2 3 0 0 0 4 3 0 0 0 ; 
0 4 1 0 0 3 0 0 0 4 ; 
0 2 2 0 0 0 0 1 0 4 ; 
0 0 0 0 2 1 0 0 1 0 ; 
0 0 0 0 0 1 4 1 0 0 ; 
0 0 2 2 4 0 2 0 3 1 ; 
0 0 4 0 2 3 0 0 0 0 ; 
1 1 0 0 0 0 0 0 4 0 ; 
0 0 1 0 0 0 1 0 0 2 ; 
1 1 1 2 0 2 1 0 0 0 ; 
0 0 0 1 0 0 0 1 0 1 ; 
1 3 0 0 0 0 4 0 2 1 ; 
0 0 0 0 0 4 4 0 1 0 ; 
0 4 0 0 1 3 0 0 0 3 ; 
0 1 0 4 0 0 2 0 0 4 ; 
0 0 2 0 0 0 0 0 0 0 ; 
4 0 0 0 0 0 2 0 0 3 ; 
4 0 0 2 4 0 4 0 0 4 ; 
0 0 1 0 0 0 3 0 0 0 ; 
0 0 3 0 0 0 0 0 0 0 ; 
0 0 3 2 0 0 0 0 3 0 ; 
1 0 0 0 0 2 0 4 0 0 ; 
4 0 2 0 0 0 1 0 1 0 ; 
4 2 0 4 2 3 0 0 0 0 ; 
0 0 0 1 0 3 1 2 2 0 ; 
3 0 0 2 0 3 0 2 3 1 ; 
4 2 0 2 3 0 2 0 3 0 ; 
4 4 0 0 0 2 0 0 4 0 ; 
0 3 0 0 0 0 2 0 2 0 ; 
0 0 2 0 0 2 2 4 0 0 ; 
1 0 0 2 0 0 3 2 1 2 ; 
0 2 0 0 0 3 4 0 4 3 ; 
1 4 0 0 3 1 0 0 1 1 
]
