

nbDEMANDES = 10

nbPRODUITS = 10

nbMAGASINS = 10

nbNOEUDS = 20

S[m,p] = [
0 0 3 1 3 0 0 0 3 5 ; 
2 4 4 5 0 4 3 0 2 2 ; 
4 1 1 0 6 1 3 1 0 2 ; 
0 3 0 0 3 1 0 0 0 0 ; 
0 0 1 5 0 1 0 5 1 1 ; 
3 1 4 5 2 0 1 4 1 2 ; 
3 5 0 1 2 5 4 0 0 0 ; 
1 2 0 1 1 0 0 5 2 1 ; 
4 0 1 0 1 0 0 0 1 2 ; 
2 2 1 1 2 0 3 4 2 4 
]

R[i,j] = [
0 271 187 302 379 740 651 640 411 537 582 436 537 341 702 291 456 414 638 525 ; 
271 0 326 553 549 529 446 421 163 270 544 254 445 407 494 554 302 494 424 418 ; 
187 326 0 265 557 656 765 572 490 542 758 558 393 156 815 291 591 602 746 681 ; 
302 553 265 0 514 918 954 836 707 797 843 739 630 354 1004 59 757 628 940 815 ; 
379 549 557 514 0 1076 703 969 604 803 417 533 913 713 748 461 508 170 709 481 ; 
740 529 656 918 1076 0 745 109 545 336 1020 680 330 586 767 948 737 1021 711 863 ; 
651 446 765 954 703 745 0 653 289 419 385 215 831 853 50 937 206 551 34 236 ; 
640 421 572 836 969 109 653 0 438 236 914 574 297 520 679 862 632 912 619 758 ; 
411 163 490 707 604 545 289 438 0 217 475 137 555 565 334 702 194 504 264 322 ; 
537 270 542 797 803 336 419 236 217 0 688 347 440 557 448 807 404 718 385 528 ; 
582 544 758 843 417 1020 385 914 475 688 0 340 989 896 413 805 284 247 407 165 ; 
436 254 558 739 533 680 215 574 137 347 340 0 683 658 265 723 57 406 203 184 ; 
537 445 393 630 913 330 831 297 555 440 989 683 0 278 869 671 737 909 800 859 ; 
341 407 156 354 713 586 853 520 565 557 896 658 278 0 900 398 700 754 829 803 ; 
702 494 815 1004 748 767 50 679 334 448 413 265 869 900 0 988 256 592 70 274 ; 
291 554 291 59 461 948 937 862 702 807 805 723 671 398 988 0 736 583 926 787 ; 
456 302 591 757 508 737 206 632 194 404 284 57 737 700 256 736 0 370 204 127 ; 
414 494 602 628 170 1021 551 912 504 718 247 406 909 754 592 583 370 0 561 320 ; 
638 424 746 940 709 711 34 619 264 385 407 203 800 829 70 926 204 561 0 252 ; 
525 418 681 815 481 863 236 758 322 528 165 184 859 803 274 787 127 320 252 0 
]

Q[d,p] = [
0 3 2 4 4 0 0 0 0 3 ; 
0 0 4 0 0 0 0 0 1 0 ; 
4 0 0 0 4 1 0 4 0 3 ; 
2 4 0 4 1 0 0 0 0 4 ; 
0 0 0 0 3 0 0 4 0 0 ; 
0 4 0 4 1 2 1 0 4 4 ; 
4 0 3 0 0 3 0 0 1 2 ; 
2 1 0 0 0 0 1 4 4 0 ; 
0 2 2 3 2 0 4 2 0 1 ; 
3 2 2 2 3 4 0 3 0 0 
]
